    0.000000    0.000000    0.000000
    0.000000    0.125000    0.000000
    0.000000    0.250000    0.000000
    0.000000    0.375000    0.000000
    0.000000    0.500000    0.000000
    0.000000    0.625000    0.000000
    0.000000    0.750000    0.000000
    0.000000    0.875000    0.000000
    0.000000    1.000000    0.000000
    0.000000    1.125000    0.000000
    0.000000    1.250000    0.000000
    0.000000    1.375000    0.000000
    0.000000    1.500000    0.000000
    0.000000    1.625000    0.000000
    0.000000    1.750000    0.000000
    0.000000    1.875000    0.000000
    0.000000    2.000000    0.000000
    0.000000    2.125000    0.000000
    0.000000    2.250000    0.000000
    0.000000    2.375000    0.000000
    0.000000    2.500000    0.000000
    0.000000    2.625000    0.000000
    0.000000    2.750000    0.000000
    0.000000    2.875000    0.000000
    0.000000    3.000000    0.000000
    0.000000    3.125000    0.000000
    0.000000    3.250000    0.000000
    0.000000    3.375000    0.000000
    0.000000    3.500000    0.000000
    0.000000    3.625000    0.000000
    0.000000    3.750000    0.000000
    0.000000    3.875000    0.000000
    0.000000    4.000000    0.000000
    0.000000    4.125000    0.000000
    0.000000    4.250000    0.000000
    0.000000    4.375000    0.000000
    0.000000    4.500000    0.000000
    0.000000    4.625000    0.000000
    0.000000    4.750000    0.000000
    0.000000    4.875000    0.000000
    0.000000    5.000000    0.000000
    0.000000    5.125000    0.000000
    0.000000    5.250000    0.000000
    0.000000    5.375000    0.000000
    0.000000    5.500000    0.000000
    0.000000    5.625000    0.000000
    0.000000    5.750000    0.000000
    0.000000    5.875000    0.000000
    0.000000    6.000000    0.000000
    0.000000    6.125000    0.000000
    0.000000    6.250000    0.000000
    0.000000    6.375000    0.000000
    0.000000    6.500000    0.000000
    0.000000    6.625000    0.000000
    0.000000    6.750000    0.000000
    0.000000    6.875000    0.000000
    0.125000    0.000000    0.124675
    0.125000    0.125000    0.123702
    0.125000    0.250000    0.120799
    0.125000    0.375000    0.116011
    0.125000    0.500000    0.109412
    0.125000    0.625000    0.101107
    0.125000    0.750000    0.091223
    0.125000    0.875000    0.079916
    0.125000    1.000000    0.067362
    0.125000    1.125000    0.053757
    0.125000    1.250000    0.039313
    0.125000    1.375000    0.024255
    0.125000    1.500000    0.008819
    0.125000    1.625000   -0.006755
    0.125000    1.750000   -0.022223
    0.125000    1.875000   -0.037344
    0.125000    2.000000   -0.051883
    0.125000    2.125000   -0.065612
    0.125000    2.250000   -0.078317
    0.125000    2.375000   -0.089800
    0.125000    2.500000   -0.099882
    0.125000    2.625000   -0.108406
    0.125000    2.750000   -0.115237
    0.125000    2.875000   -0.120270
    0.125000    3.000000   -0.123427
    0.125000    3.125000   -0.124657
    0.125000    3.250000   -0.123943
    0.125000    3.375000   -0.121294
    0.125000    3.500000   -0.116752
    0.125000    3.625000   -0.110389
    0.125000    3.750000   -0.102303
    0.125000    3.875000   -0.092620
    0.125000    4.000000   -0.081493
    0.125000    4.125000   -0.069093
    0.125000    4.250000   -0.055616
    0.125000    4.375000   -0.041270
    0.125000    4.500000   -0.026281
    0.125000    4.625000   -0.010881
    0.125000    4.750000    0.004688
    0.125000    4.875000    0.020184
    0.125000    5.000000    0.035365
    0.125000    5.125000    0.049995
    0.125000    5.250000    0.063844
    0.125000    5.375000    0.076697
    0.125000    5.500000    0.088353
    0.125000    5.625000    0.098631
    0.125000    5.750000    0.107369
    0.125000    5.875000    0.114432
    0.125000    6.000000    0.119709
    0.125000    6.125000    0.123118
    0.125000    6.250000    0.124606
    0.125000    6.375000    0.124149
    0.125000    6.500000    0.121756
    0.125000    6.625000    0.117462
    0.125000    6.750000    0.111336
    0.125000    6.875000    0.104898
    0.250000    0.000000    0.247404
    0.250000    0.125000    0.245474
    0.250000    0.250000    0.239712
    0.250000    0.375000    0.230211
    0.250000    0.500000    0.217117
    0.250000    0.625000    0.200635
    0.250000    0.750000    0.181023
    0.250000    0.875000    0.158585
    0.250000    1.000000    0.133673
    0.250000    1.125000    0.106675
    0.250000    1.250000    0.078012
    0.250000    1.375000    0.048132
    0.250000    1.500000    0.017501
    0.250000    1.625000   -0.013404
    0.250000    1.750000   -0.044099
    0.250000    1.875000   -0.074106
    0.250000    2.000000   -0.102956
    0.250000    2.125000   -0.130200
    0.250000    2.250000   -0.155412
    0.250000    2.375000   -0.178200
    0.250000    2.500000   -0.198206
    0.250000    2.625000   -0.215120
    0.250000    2.750000   -0.228676
    0.250000    2.875000   -0.238664
    0.250000    3.000000   -0.244928
    0.250000    3.125000   -0.247370
    0.250000    3.250000   -0.245951
    0.250000    3.375000   -0.240695
    0.250000    3.500000   -0.231683
    0.250000    3.625000   -0.219055
    0.250000    3.750000   -0.203009
    0.250000    3.875000   -0.183796
    0.250000    4.000000   -0.161714
    0.250000    4.125000   -0.137109
    0.250000    4.250000   -0.110364
    0.250000    4.375000   -0.081897
    0.250000    4.500000   -0.052152
    0.250000    4.625000   -0.021593
    0.250000    4.750000    0.009303
    0.250000    4.875000    0.040053
    0.250000    5.000000    0.070179
    0.250000    5.125000    0.099210
    0.250000    5.250000    0.126692
    0.250000    5.375000    0.152197
    0.250000    5.500000    0.175328
    0.250000    5.625000    0.195722
    0.250000    5.750000    0.213062
    0.250000    5.875000    0.227078
    0.250000    6.000000    0.237550
    0.250000    6.125000    0.244315
    0.250000    6.250000    0.247268
    0.250000    6.375000    0.246362
    0.250000    6.500000    0.241612
    0.250000    6.625000    0.233090
    0.250000    6.750000    0.220935
    0.250000    6.875000    0.208159
    0.375000    0.000000    0.366273
    0.375000    0.125000    0.363416
    0.375000    0.250000    0.354885
    0.375000    0.375000    0.340819
    0.375000    0.500000    0.321434
    0.375000    0.625000    0.297033
    0.375000    0.750000    0.267997
    0.375000    0.875000    0.234780
    0.375000    1.000000    0.197898
    0.375000    1.125000    0.157928
    0.375000    1.250000    0.115494
    0.375000    1.375000    0.071257
    0.375000    1.500000    0.025909
    0.375000    1.625000   -0.019844
    0.375000    1.750000   -0.065287
    0.375000    1.875000   -0.109711
    0.375000    2.000000   -0.152423
    0.375000    2.125000   -0.192757
    0.375000    2.250000   -0.230082
    0.375000    2.375000   -0.263818
    0.375000    2.500000   -0.293437
    0.375000    2.625000   -0.318477
    0.375000    2.750000   -0.338546
    0.375000    2.875000   -0.353333
    0.375000    3.000000   -0.362607
    0.375000    3.125000   -0.366222
    0.375000    3.250000   -0.364122
    0.375000    3.375000   -0.356341
    0.375000    3.500000   -0.342998
    0.375000    3.625000   -0.324304
    0.375000    3.750000   -0.300548
    0.375000    3.875000   -0.272103
    0.375000    4.000000   -0.239411
    0.375000    4.125000   -0.202984
    0.375000    4.250000   -0.163390
    0.375000    4.375000   -0.121245
    0.375000    4.500000   -0.077209
    0.375000    4.625000   -0.031967
    0.375000    4.750000    0.013773
    0.375000    4.875000    0.059298
    0.375000    5.000000    0.103898
    0.375000    5.125000    0.146876
    0.375000    5.250000    0.187563
    0.375000    5.375000    0.225323
    0.375000    5.500000    0.259566
    0.375000    5.625000    0.289759
    0.375000    5.750000    0.315431
    0.375000    5.875000    0.336180
    0.375000    6.000000    0.351684
    0.375000    6.125000    0.361700
    0.375000    6.250000    0.366071
    0.375000    6.375000    0.364729
    0.375000    6.500000    0.357697
    0.375000    6.625000    0.345081
    0.375000    6.750000    0.327086
    0.375000    6.875000    0.308171
    0.500000    0.000000    0.479426
    0.500000    0.125000    0.475687
    0.500000    0.250000    0.464520
    0.500000    0.375000    0.446109
    0.500000    0.500000    0.420735
    0.500000    0.625000    0.388796
    0.500000    0.750000    0.350790
    0.500000    0.875000    0.307310
    0.500000    1.000000    0.259035
    0.500000    1.125000    0.206717
    0.500000    1.250000    0.151173
    0.500000    1.375000    0.093271
    0.500000    1.500000    0.033913
    0.500000    1.625000   -0.025974
    0.500000    1.750000   -0.085456
    0.500000    1.875000   -0.143604
    0.500000    2.000000   -0.199511
    0.500000    2.125000   -0.252305
    0.500000    2.250000   -0.301162
    0.500000    2.375000   -0.345320
    0.500000    2.500000   -0.384089
    0.500000    2.625000   -0.416864
    0.500000    2.750000   -0.443134
    0.500000    2.875000   -0.462489
    0.500000    3.000000   -0.474627
    0.500000    3.125000   -0.479359
    0.500000    3.250000   -0.476611
    0.500000    3.375000   -0.466425
    0.500000    3.500000   -0.448961
    0.500000    3.625000   -0.424491
    0.500000    3.750000   -0.393397
    0.500000    3.875000   -0.356164
    0.500000    4.000000   -0.313373
    0.500000    4.125000   -0.265692
    0.500000    4.250000   -0.213866
    0.500000    4.375000   -0.158702
    0.500000    4.500000   -0.101061
    0.500000    4.625000   -0.041843
    0.500000    4.750000    0.018027
    0.500000    4.875000    0.077617
    0.500000    5.000000    0.135995
    0.500000    5.125000    0.192251
    0.500000    5.250000    0.245507
    0.500000    5.375000    0.294932
    0.500000    5.500000    0.339754
    0.500000    5.625000    0.379275
    0.500000    5.750000    0.412877
    0.500000    5.875000    0.440037
    0.500000    6.000000    0.460330
    0.500000    6.125000    0.473440
    0.500000    6.250000    0.479161
    0.500000    6.375000    0.477406
    0.500000    6.500000    0.468201
    0.500000    6.625000    0.451688
    0.500000    6.750000    0.428133
    0.500000    6.875000    0.403375
    0.625000    0.000000    0.585097
    0.625000    0.125000    0.580534
    0.625000    0.250000    0.566906
    0.625000    0.375000    0.544437
    0.625000    0.500000    0.513470
    0.625000    0.625000    0.474492
    0.625000    0.750000    0.428109
    0.625000    0.875000    0.375046
    0.625000    1.000000    0.316129
    0.625000    1.125000    0.252280
    0.625000    1.250000    0.184494
    0.625000    1.375000    0.113829
    0.625000    1.500000    0.041388
    0.625000    1.625000   -0.031699
    0.625000    1.750000   -0.104291
    0.625000    1.875000   -0.175256
    0.625000    2.000000   -0.243486
    0.625000    2.125000   -0.307917
    0.625000    2.250000   -0.367542
    0.625000    2.375000   -0.421433
    0.625000    2.500000   -0.468747
    0.625000    2.625000   -0.508746
    0.625000    2.750000   -0.540807
    0.625000    2.875000   -0.564428
    0.625000    3.000000   -0.579241
    0.625000    3.125000   -0.585016
    0.625000    3.250000   -0.581662
    0.625000    3.375000   -0.569232
    0.625000    3.500000   -0.547918
    0.625000    3.625000   -0.518055
    0.625000    3.750000   -0.480107
    0.625000    3.875000   -0.434667
    0.625000    4.000000   -0.382445
    0.625000    4.125000   -0.324255
    0.625000    4.250000   -0.261005
    0.625000    4.375000   -0.193681
    0.625000    4.500000   -0.123336
    0.625000    4.625000   -0.051066
    0.625000    4.750000    0.022001
    0.625000    4.875000    0.094724
    0.625000    5.000000    0.165970
    0.625000    5.125000    0.234625
    0.625000    5.250000    0.299620
    0.625000    5.375000    0.359939
    0.625000    5.500000    0.414640
    0.625000    5.625000    0.462872
    0.625000    5.750000    0.503881
    0.625000    5.875000    0.537027
    0.625000    6.000000    0.561793
    0.625000    6.125000    0.577792
    0.625000    6.250000    0.584775
    0.625000    6.375000    0.582632
    0.625000    6.500000    0.571399
    0.625000    6.625000    0.551246
    0.625000    6.750000    0.522499
    0.625000    6.875000    0.492284
    0.750000    0.000000    0.681639
    0.750000    0.125000    0.676323
    0.750000    0.250000    0.660446
    0.750000    0.375000    0.634270
    0.750000    0.500000    0.598193
    0.750000    0.625000    0.552784
    0.750000    0.750000    0.498747
    0.750000    0.875000    0.436928
    0.750000    1.000000    0.368291
    0.750000    1.125000    0.293906
    0.750000    1.250000    0.214936
    0.750000    1.375000    0.132611
    0.750000    1.500000    0.048217
    0.750000    1.625000   -0.036929
    0.750000    1.750000   -0.121499
    0.750000    1.875000   -0.204174
    0.750000    2.000000   -0.283662
    0.750000    2.125000   -0.358723
    0.750000    2.250000   -0.428187
    0.750000    2.375000   -0.490969
    0.750000    2.500000   -0.546090
    0.750000    2.625000   -0.592690
    0.750000    2.750000   -0.630040
    0.750000    2.875000   -0.657559
    0.750000    3.000000   -0.674816
    0.750000    3.125000   -0.681544
    0.750000    3.250000   -0.677637
    0.750000    3.375000   -0.663155
    0.750000    3.500000   -0.638325
    0.750000    3.625000   -0.603534
    0.750000    3.750000   -0.559325
    0.750000    3.875000   -0.506387
    0.750000    4.000000   -0.445548
    0.750000    4.125000   -0.377757
    0.750000    4.250000   -0.304070
    0.750000    4.375000   -0.225639
    0.750000    4.500000   -0.143687
    0.750000    4.625000   -0.059492
    0.750000    4.750000    0.025631
    0.750000    4.875000    0.110354
    0.750000    5.000000    0.193355
    0.750000    5.125000    0.273339
    0.750000    5.250000    0.349057
    0.750000    5.375000    0.419329
    0.750000    5.500000    0.483056
    0.750000    5.625000    0.539246
    0.750000    5.750000    0.587021
    0.750000    5.875000    0.625637
    0.750000    6.000000    0.654489
    0.750000    6.125000    0.673128
    0.750000    6.250000    0.681263
    0.750000    6.375000    0.678767
    0.750000    6.500000    0.665680
    0.750000    6.625000    0.642202
    0.750000    6.750000    0.608712
    0.750000    6.875000    0.573511
    0.875000    0.000000    0.767544
    0.875000    0.125000    0.761557
    0.875000    0.250000    0.743680
    0.875000    0.375000    0.714205
    0.875000    0.500000    0.673582
    0.875000    0.625000    0.622449
    0.875000    0.750000    0.561603
    0.875000    0.875000    0.491993
    0.875000    1.000000    0.414705
    0.875000    1.125000    0.330946
    0.875000    1.250000    0.242023
    0.875000    1.375000    0.149324
    0.875000    1.500000    0.054294
    0.875000    1.625000   -0.041583
    0.875000    1.750000   -0.136812
    0.875000    1.875000   -0.229905
    0.875000    2.000000   -0.319411
    0.875000    2.125000   -0.403932
    0.875000    2.250000   -0.482150
    0.875000    2.375000   -0.552845
    0.875000    2.500000   -0.614912
    0.875000    2.625000   -0.667385
    0.875000    2.750000   -0.709442
    0.875000    2.875000   -0.740429
    0.875000    3.000000   -0.759861
    0.875000    3.125000   -0.767437
    0.875000    3.250000   -0.763037
    0.875000    3.375000   -0.746731
    0.875000    3.500000   -0.718771
    0.875000    3.625000   -0.679595
    0.875000    3.750000   -0.629814
    0.875000    3.875000   -0.570206
    0.875000    4.000000   -0.501699
    0.875000    4.125000   -0.425364
    0.875000    4.250000   -0.342391
    0.875000    4.375000   -0.254076
    0.875000    4.500000   -0.161795
    0.875000    4.625000   -0.066989
    0.875000    4.750000    0.028861
    0.875000    4.875000    0.124262
    0.875000    5.000000    0.217723
    0.875000    5.125000    0.307787
    0.875000    5.250000    0.393048
    0.875000    5.375000    0.472175
    0.875000    5.500000    0.543934
    0.875000    5.625000    0.607206
    0.875000    5.750000    0.661002
    0.875000    5.875000    0.704484
    0.875000    6.000000    0.736972
    0.875000    6.125000    0.757961
    0.875000    6.250000    0.767121
    0.875000    6.375000    0.764310
    0.875000    6.500000    0.749573
    0.875000    6.625000    0.723137
    0.875000    6.750000    0.685426
    0.875000    6.875000    0.645789
    1.000000    0.000000    0.841471
    1.000000    0.125000    0.834908
    1.000000    0.250000    0.815309
    1.000000    0.375000    0.782995
    1.000000    0.500000    0.738459
    1.000000    0.625000    0.682401
    1.000000    0.750000    0.615695
    1.000000    0.875000    0.539380
    1.000000    1.000000    0.454649
    1.000000    1.125000    0.362822
    1.000000    1.250000    0.265334
    1.000000    1.375000    0.163706
    1.000000    1.500000    0.059523
    1.000000    1.625000   -0.045588
    1.000000    1.750000   -0.149989
    1.000000    1.875000   -0.252049
    1.000000    2.000000   -0.350175
    1.000000    2.125000   -0.442837
    1.000000    2.250000   -0.528589
    1.000000    2.375000   -0.606093
    1.000000    2.500000   -0.674139
    1.000000    2.625000   -0.731665
    1.000000    2.750000   -0.777773
    1.000000    2.875000   -0.811745
    1.000000    3.000000   -0.833049
    1.000000    3.125000   -0.841354
    1.000000    3.250000   -0.836531
    1.000000    3.375000   -0.818653
    1.000000    3.500000   -0.788001
    1.000000    3.625000   -0.745052
    1.000000    3.750000   -0.690476
    1.000000    3.875000   -0.625126
    1.000000    4.000000   -0.550022
    1.000000    4.125000   -0.466334
    1.000000    4.250000   -0.375370
    1.000000    4.375000   -0.278547
    1.000000    4.500000   -0.177378
    1.000000    4.625000   -0.073442
    1.000000    4.750000    0.031641
    1.000000    4.875000    0.136230
    1.000000    5.000000    0.238693
    1.000000    5.125000    0.337432
    1.000000    5.250000    0.430905
    1.000000    5.375000    0.517654
    1.000000    5.500000    0.596325
    1.000000    5.625000    0.665690
    1.000000    5.750000    0.724668
    1.000000    5.875000    0.772337
    1.000000    6.000000    0.807955
    1.000000    6.125000    0.830965
    1.000000    6.250000    0.841007
    1.000000    6.375000    0.837926
    1.000000    6.500000    0.821770
    1.000000    6.625000    0.792787
    1.000000    6.750000    0.751444
    1.000000    6.875000    0.707989
    1.125000    0.000000    0.902268
    1.125000    0.125000    0.895231
    1.125000    0.250000    0.874216
    1.125000    0.375000    0.839567
    1.125000    0.500000    0.791813
    1.125000    0.625000    0.731705
    1.125000    0.750000    0.660179
    1.125000    0.875000    0.578351
    1.125000    1.000000    0.487497
    1.125000    1.125000    0.389036
    1.125000    1.250000    0.284505
    1.125000    1.375000    0.175534
    1.125000    1.500000    0.063824
    1.125000    1.625000   -0.048882
    1.125000    1.750000   -0.160826
    1.125000    1.875000   -0.270259
    1.125000    2.000000   -0.375476
    1.125000    2.125000   -0.474833
    1.125000    2.250000   -0.566780
    1.125000    2.375000   -0.649883
    1.125000    2.500000   -0.722846
    1.125000    2.625000   -0.784528
    1.125000    2.750000   -0.833968
    1.125000    2.875000   -0.870394
    1.125000    3.000000   -0.893237
    1.125000    3.125000   -0.902142
    1.125000    3.250000   -0.896970
    1.125000    3.375000   -0.877801
    1.125000    3.500000   -0.844935
    1.125000    3.625000   -0.798882
    1.125000    3.750000   -0.740364
    1.125000    3.875000   -0.670292
    1.125000    4.000000   -0.589761
    1.125000    4.125000   -0.500027
    1.125000    4.250000   -0.402490
    1.125000    4.375000   -0.298673
    1.125000    4.500000   -0.190194
    1.125000    4.625000   -0.078748
    1.125000    4.750000    0.033927
    1.125000    4.875000    0.146073
    1.125000    5.000000    0.255939
    1.125000    5.125000    0.361812
    1.125000    5.250000    0.462038
    1.125000    5.375000    0.555055
    1.125000    5.500000    0.639409
    1.125000    5.625000    0.713786
    1.125000    5.750000    0.777025
    1.125000    5.875000    0.828139
    1.125000    6.000000    0.866330
    1.125000    6.125000    0.891003
    1.125000    6.250000    0.901771
    1.125000    6.375000    0.898466
    1.125000    6.500000    0.881143
    1.125000    6.625000    0.850066
    1.125000    6.750000    0.805737
    1.125000    6.875000    0.759142
    1.250000    0.000000    0.948985
    1.250000    0.125000    0.941584
    1.250000    0.250000    0.919480
    1.250000    0.375000    0.883037
    1.250000    0.500000    0.832811
    1.250000    0.625000    0.769591
    1.250000    0.750000    0.694361
    1.250000    0.875000    0.608296
    1.250000    1.000000    0.512738
    1.250000    1.125000    0.409180
    1.250000    1.250000    0.299236
    1.250000    1.375000    0.184623
    1.250000    1.500000    0.067129
    1.250000    1.625000   -0.051413
    1.250000    1.750000   -0.169153
    1.250000    1.875000   -0.284253
    1.250000    2.000000   -0.394917
    1.250000    2.125000   -0.499418
    1.250000    2.250000   -0.596126
    1.250000    2.375000   -0.683533
    1.250000    2.500000   -0.760273
    1.250000    2.625000   -0.825149
    1.250000    2.750000   -0.877149
    1.250000    2.875000   -0.915460
    1.250000    3.000000   -0.939487
    1.250000    3.125000   -0.948853
    1.250000    3.250000   -0.943413
    1.250000    3.375000   -0.923252
    1.250000    3.500000   -0.888683
    1.250000    3.625000   -0.840246
    1.250000    3.750000   -0.778698
    1.250000    3.875000   -0.704998
    1.250000    4.000000   -0.620297
    1.250000    4.125000   -0.525917
    1.250000    4.250000   -0.423330
    1.250000    4.375000   -0.314137
    1.250000    4.500000   -0.200042
    1.250000    4.625000   -0.082825
    1.250000    4.750000    0.035684
    1.250000    4.875000    0.153636
    1.250000    5.000000    0.269191
    1.250000    5.125000    0.380545
    1.250000    5.250000    0.485961
    1.250000    5.375000    0.583794
    1.250000    5.500000    0.672516
    1.250000    5.625000    0.750744
    1.250000    5.750000    0.817257
    1.250000    5.875000    0.871018
    1.250000    6.000000    0.911187
    1.250000    6.125000    0.937136
    1.250000    6.250000    0.948462
    1.250000    6.375000    0.944987
    1.250000    6.500000    0.926766
    1.250000    6.625000    0.894080
    1.250000    6.750000    0.847455
    1.250000    6.875000    0.798448
    1.375000    0.000000    0.980893
    1.375000    0.125000    0.973243
    1.375000    0.250000    0.950397
    1.375000    0.375000    0.912728
    1.375000    0.500000    0.860813
    1.375000    0.625000    0.795468
    1.375000    0.750000    0.717708
    1.375000    0.875000    0.628749
    1.375000    1.000000    0.529979
    1.375000    1.125000    0.422938
    1.375000    1.250000    0.309297
    1.375000    1.375000    0.190830
    1.375000    1.500000    0.069386
    1.375000    1.625000   -0.053142
    1.375000    1.750000   -0.174840
    1.375000    1.875000   -0.293810
    1.375000    2.000000   -0.408195
    1.375000    2.125000   -0.516210
    1.375000    2.250000   -0.616170
    1.375000    2.375000   -0.706516
    1.375000    2.500000   -0.785836
    1.375000    2.625000   -0.852894
    1.375000    2.750000   -0.906642
    1.375000    2.875000   -0.946241
    1.375000    3.000000   -0.971076
    1.375000    3.125000   -0.980757
    1.375000    3.250000   -0.975134
    1.375000    3.375000   -0.954295
    1.375000    3.500000   -0.918564
    1.375000    3.625000   -0.868498
    1.375000    3.750000   -0.804880
    1.375000    3.875000   -0.728702
    1.375000    4.000000   -0.641154
    1.375000    4.125000   -0.543600
    1.375000    4.250000   -0.437564
    1.375000    4.375000   -0.324700
    1.375000    4.500000   -0.206768
    1.375000    4.625000   -0.085610
    1.375000    4.750000    0.036884
    1.375000    4.875000    0.158802
    1.375000    5.000000    0.278242
    1.375000    5.125000    0.393341
    1.375000    5.250000    0.502301
    1.375000    5.375000    0.603423
    1.375000    5.500000    0.695129
    1.375000    5.625000    0.775987
    1.375000    5.750000    0.844737
    1.375000    5.875000    0.900305
    1.375000    6.000000    0.941824
    1.375000    6.125000    0.968646
    1.375000    6.250000    0.980353
    1.375000    6.375000    0.976761
    1.375000    6.500000    0.957928
    1.375000    6.625000    0.924143
    1.375000    6.750000    0.875950
    1.375000    6.875000    0.825295
    1.500000    0.000000    0.997495
    1.500000    0.125000    0.989716
    1.500000    0.250000    0.966482
    1.500000    0.375000    0.928176
    1.500000    0.500000    0.875383
    1.500000    0.625000    0.808931
    1.500000    0.750000    0.729856
    1.500000    0.875000    0.639391
    1.500000    1.000000    0.538949
    1.500000    1.125000    0.430096
    1.500000    1.250000    0.314532
    1.500000    1.375000    0.194060
    1.500000    1.500000    0.070560
    1.500000    1.625000   -0.054041
    1.500000    1.750000   -0.177800
    1.500000    1.875000   -0.298783
    1.500000    2.000000   -0.415104
    1.500000    2.125000   -0.524947
    1.500000    2.250000   -0.626599
    1.500000    2.375000   -0.718474
    1.500000    2.500000   -0.799136
    1.500000    2.625000   -0.867329
    1.500000    2.750000   -0.921987
    1.500000    2.875000   -0.962257
    1.500000    3.000000   -0.987511
    1.500000    3.125000   -0.997357
    1.500000    3.250000   -0.991639
    1.500000    3.375000   -0.970447
    1.500000    3.500000   -0.934111
    1.500000    3.625000   -0.883198
    1.500000    3.750000   -0.818503
    1.500000    3.875000   -0.741036
    1.500000    4.000000   -0.652006
    1.500000    4.125000   -0.552801
    1.500000    4.250000   -0.444970
    1.500000    4.375000   -0.330195
    1.500000    4.500000   -0.210268
    1.500000    4.625000   -0.087059
    1.500000    4.750000    0.037508
    1.500000    4.875000    0.161490
    1.500000    5.000000    0.282951
    1.500000    5.125000    0.399998
    1.500000    5.250000    0.510803
    1.500000    5.375000    0.613636
    1.500000    5.500000    0.706894
    1.500000    5.625000    0.789121
    1.500000    5.750000    0.859034
    1.500000    5.875000    0.915543
    1.500000    6.000000    0.957765
    1.500000    6.125000    0.985041
    1.500000    6.250000    0.996946
    1.500000    6.375000    0.993293
    1.500000    6.500000    0.974141
    1.500000    6.625000    0.939784
    1.500000    6.750000    0.890776
    1.500000    6.875000    0.839263
    1.625000    0.000000    0.998531
    1.625000    0.125000    0.990744
    1.625000    0.250000    0.967487
    1.625000    0.375000    0.929141
    1.625000    0.500000    0.876292
    1.625000    0.625000    0.809772
    1.625000    0.750000    0.730614
    1.625000    0.875000    0.640055
    1.625000    1.000000    0.539509
    1.625000    1.125000    0.430543
    1.625000    1.250000    0.314859
    1.625000    1.375000    0.194262
    1.625000    1.500000    0.070633
    1.625000    1.625000   -0.054098
    1.625000    1.750000   -0.177984
    1.625000    1.875000   -0.299094
    1.625000    2.000000   -0.415535
    1.625000    2.125000   -0.525493
    1.625000    2.250000   -0.627250
    1.625000    2.375000   -0.719220
    1.625000    2.500000   -0.799967
    1.625000    2.625000   -0.868230
    1.625000    2.750000   -0.922945
    1.625000    2.875000   -0.963257
    1.625000    3.000000   -0.988537
    1.625000    3.125000   -0.998393
    1.625000    3.250000   -0.992669
    1.625000    3.375000   -0.971455
    1.625000    3.500000   -0.935081
    1.625000    3.625000   -0.884116
    1.625000    3.750000   -0.819354
    1.625000    3.875000   -0.741806
    1.625000    4.000000   -0.652683
    1.625000    4.125000   -0.553375
    1.625000    4.250000   -0.445432
    1.625000    4.375000   -0.330538
    1.625000    4.500000   -0.210486
    1.625000    4.625000   -0.087149
    1.625000    4.750000    0.037547
    1.625000    4.875000    0.161657
    1.625000    5.000000    0.283245
    1.625000    5.125000    0.400413
    1.625000    5.250000    0.511333
    1.625000    5.375000    0.614274
    1.625000    5.500000    0.707628
    1.625000    5.625000    0.789941
    1.625000    5.750000    0.859927
    1.625000    5.875000    0.916494
    1.625000    6.000000    0.958760
    1.625000    6.125000    0.986064
    1.625000    6.250000    0.997981
    1.625000    6.375000    0.994324
    1.625000    6.500000    0.975153
    1.625000    6.625000    0.940760
    1.625000    6.750000    0.891701
    1.625000    6.875000    0.840135
    1.750000    0.000000    0.983986
    1.750000    0.125000    0.976312
    1.750000    0.250000    0.953393
    1.750000    0.375000    0.915606
    1.750000    0.500000    0.863528
    1.750000    0.625000    0.797976
    1.750000    0.750000    0.719971
    1.750000    0.875000    0.630732
    1.750000    1.000000    0.531650
    1.750000    1.125000    0.424271
    1.750000    1.250000    0.310272
    1.750000    1.375000    0.191432
    1.750000    1.500000    0.069604
    1.750000    1.625000   -0.053309
    1.750000    1.750000   -0.175392
    1.750000    1.875000   -0.294737
    1.750000    2.000000   -0.409482
    1.750000    2.125000   -0.517838
    1.750000    2.250000   -0.618113
    1.750000    2.375000   -0.708743
    1.750000    2.500000   -0.788314
    1.750000    2.625000   -0.855583
    1.750000    2.750000   -0.909500
    1.750000    2.875000   -0.949225
    1.750000    3.000000   -0.974138
    1.750000    3.125000   -0.983849
    1.750000    3.250000   -0.978209
    1.750000    3.375000   -0.957304
    1.750000    3.500000   -0.921460
    1.750000    3.625000   -0.871237
    1.750000    3.750000   -0.807418
    1.750000    3.875000   -0.731000
    1.750000    4.000000   -0.643175
    1.750000    4.125000   -0.545314
    1.750000    4.250000   -0.438944
    1.750000    4.375000   -0.325723
    1.750000    4.500000   -0.207420
    1.750000    4.625000   -0.085880
    1.750000    4.750000    0.037000
    1.750000    4.875000    0.159303
    1.750000    5.000000    0.279119
    1.750000    5.125000    0.394581
    1.750000    5.250000    0.503885
    1.750000    5.375000    0.605326
    1.750000    5.500000    0.697321
    1.750000    5.625000    0.778434
    1.750000    5.750000    0.847400
    1.750000    5.875000    0.903144
    1.750000    6.000000    0.944794
    1.750000    6.125000    0.971701
    1.750000    6.250000    0.983444
    1.750000    6.375000    0.979840
    1.750000    6.500000    0.960948
    1.750000    6.625000    0.927057
    1.750000    6.750000    0.878712
    1.750000    6.875000    0.827897
    1.875000    0.000000    0.954086
    1.875000    0.125000    0.946645
    1.875000    0.250000    0.924423
    1.875000    0.375000    0.887784
    1.875000    0.500000    0.837288
    1.875000    0.625000    0.773728
    1.875000    0.750000    0.698094
    1.875000    0.875000    0.611566
    1.875000    1.000000    0.515495
    1.875000    1.125000    0.411379
    1.875000    1.250000    0.300844
    1.875000    1.375000    0.185615
    1.875000    1.500000    0.067489
    1.875000    1.625000   -0.051690
    1.875000    1.750000   -0.170062
    1.875000    1.875000   -0.285781
    1.875000    2.000000   -0.397040
    1.875000    2.125000   -0.502103
    1.875000    2.250000   -0.599331
    1.875000    2.375000   -0.687207
    1.875000    2.500000   -0.764359
    1.875000    2.625000   -0.829584
    1.875000    2.750000   -0.881864
    1.875000    2.875000   -0.920381
    1.875000    3.000000   -0.944537
    1.875000    3.125000   -0.953953
    1.875000    3.250000   -0.948484
    1.875000    3.375000   -0.928214
    1.875000    3.500000   -0.893460
    1.875000    3.625000   -0.844763
    1.875000    3.750000   -0.782883
    1.875000    3.875000   -0.708787
    1.875000    4.000000   -0.623631
    1.875000    4.125000   -0.528744
    1.875000    4.250000   -0.425606
    1.875000    4.375000   -0.315826
    1.875000    4.500000   -0.201117
    1.875000    4.625000   -0.083270
    1.875000    4.750000    0.035876
    1.875000    4.875000    0.154462
    1.875000    5.000000    0.270638
    1.875000    5.125000    0.382591
    1.875000    5.250000    0.488573
    1.875000    5.375000    0.586932
    1.875000    5.500000    0.676131
    1.875000    5.625000    0.754780
    1.875000    5.750000    0.821650
    1.875000    5.875000    0.875700
    1.875000    6.000000    0.916085
    1.875000    6.125000    0.942174
    1.875000    6.250000    0.953560
    1.875000    6.375000    0.950066
    1.875000    6.500000    0.931748
    1.875000    6.625000    0.898886
    1.875000    6.750000    0.852011
    1.875000    6.875000    0.802740
    2.000000    0.000000    0.909297
    2.000000    0.125000    0.902206
    2.000000    0.250000    0.881027
    2.000000    0.375000    0.846108
    2.000000    0.500000    0.797982
    2.000000    0.625000    0.737406
    2.000000    0.750000    0.665323
    2.000000    0.875000    0.582857
    2.000000    1.000000    0.491295
    2.000000    1.125000    0.392067
    2.000000    1.250000    0.286721
    2.000000    1.375000    0.176902
    2.000000    1.500000    0.064321
    2.000000    1.625000   -0.049263
    2.000000    1.750000   -0.162079
    2.000000    1.875000   -0.272365
    2.000000    2.000000   -0.378401
    2.000000    2.125000   -0.478532
    2.000000    2.250000   -0.571196
    2.000000    2.375000   -0.654947
    2.000000    2.500000   -0.728478
    2.000000    2.625000   -0.790641
    2.000000    2.750000   -0.840466
    2.000000    2.875000   -0.877175
    2.000000    3.000000   -0.900197
    2.000000    3.125000   -0.909171
    2.000000    3.250000   -0.903959
    2.000000    3.375000   -0.884641
    2.000000    3.500000   -0.851518
    2.000000    3.625000   -0.805107
    2.000000    3.750000   -0.746132
    2.000000    3.875000   -0.675514
    2.000000    4.000000   -0.594356
    2.000000    4.125000   -0.503923
    2.000000    4.250000   -0.405626
    2.000000    4.375000   -0.301000
    2.000000    4.500000   -0.191676
    2.000000    4.625000   -0.079361
    2.000000    4.750000    0.034192
    2.000000    4.875000    0.147211
    2.000000    5.000000    0.257933
    2.000000    5.125000    0.364630
    2.000000    5.250000    0.465638
    2.000000    5.375000    0.559379
    2.000000    5.500000    0.644391
    2.000000    5.625000    0.719348
    2.000000    5.750000    0.783079
    2.000000    5.875000    0.834591
    2.000000    6.000000    0.873080
    2.000000    6.125000    0.897945
    2.000000    6.250000    0.908797
    2.000000    6.375000    0.905467
    2.000000    6.500000    0.888008
    2.000000    6.625000    0.856689
    2.000000    6.750000    0.812014
    2.000000    6.875000    0.765056
    2.125000    0.000000    0.850320
    2.125000    0.125000    0.843688
    2.125000    0.250000    0.823883
    2.125000    0.375000    0.791229
    2.125000    0.500000    0.746225
    2.125000    0.625000    0.689578
    2.125000    0.750000    0.622169
    2.125000    0.875000    0.545052
    2.125000    1.000000    0.459430
    2.125000    1.125000    0.366638
    2.125000    1.250000    0.268125
    2.125000    1.375000    0.165428
    2.125000    1.500000    0.060149
    2.125000    1.625000   -0.046068
    2.125000    1.750000   -0.151566
    2.125000    1.875000   -0.254699
    2.125000    2.000000   -0.353858
    2.125000    2.125000   -0.447494
    2.125000    2.250000   -0.534148
    2.125000    2.375000   -0.612467
    2.125000    2.500000   -0.681228
    2.125000    2.625000   -0.739359
    2.125000    2.750000   -0.785952
    2.125000    2.875000   -0.820281
    2.125000    3.000000   -0.841809
    2.125000    3.125000   -0.850202
    2.125000    3.250000   -0.845327
    2.125000    3.375000   -0.827262
    2.125000    3.500000   -0.796288
    2.125000    3.625000   -0.752887
    2.125000    3.750000   -0.697737
    2.125000    3.875000   -0.631700
    2.125000    4.000000   -0.555805
    2.125000    4.125000   -0.471238
    2.125000    4.250000   -0.379317
    2.125000    4.375000   -0.281477
    2.125000    4.500000   -0.179244
    2.125000    4.625000   -0.074214
    2.125000    4.750000    0.031974
    2.125000    4.875000    0.137663
    2.125000    5.000000    0.241203
    2.125000    5.125000    0.340980
    2.125000    5.250000    0.435436
    2.125000    5.375000    0.523097
    2.125000    5.500000    0.602595
    2.125000    5.625000    0.672690
    2.125000    5.750000    0.732288
    2.125000    5.875000    0.780459
    2.125000    6.000000    0.816452
    2.125000    6.125000    0.839703
    2.125000    6.250000    0.849851
    2.125000    6.375000    0.846737
    2.125000    6.500000    0.830412
    2.125000    6.625000    0.801124
    2.125000    6.750000    0.759347
    2.125000    6.875000    0.715434
    2.250000    0.000000    0.778073
    2.250000    0.125000    0.772005
    2.250000    0.250000    0.753883
    2.250000    0.375000    0.724003
    2.250000    0.500000    0.682822
    2.250000    0.625000    0.630988
    2.250000    0.750000    0.569307
    2.250000    0.875000    0.498742
    2.250000    1.000000    0.420395
    2.250000    1.125000    0.335487
    2.250000    1.250000    0.245344
    2.250000    1.375000    0.151372
    2.250000    1.500000    0.055039
    2.250000    1.625000   -0.042154
    2.250000    1.750000   -0.138688
    2.250000    1.875000   -0.233059
    2.250000    2.000000   -0.323792
    2.250000    2.125000   -0.409473
    2.250000    2.250000   -0.488764
    2.250000    2.375000   -0.560429
    2.250000    2.500000   -0.623348
    2.250000    2.625000   -0.676540
    2.250000    2.750000   -0.719175
    2.250000    2.875000   -0.750587
    2.250000    3.000000   -0.770286
    2.250000    3.125000   -0.777965
    2.250000    3.250000   -0.773505
    2.250000    3.375000   -0.756975
    2.250000    3.500000   -0.728632
    2.250000    3.625000   -0.688919
    2.250000    3.750000   -0.638455
    2.250000    3.875000   -0.578028
    2.250000    4.000000   -0.508582
    2.250000    4.125000   -0.431200
    2.250000    4.250000   -0.347089
    2.250000    4.375000   -0.257561
    2.250000    4.500000   -0.164014
    2.250000    4.625000   -0.067908
    2.250000    4.750000    0.029257
    2.250000    4.875000    0.125966
    2.250000    5.000000    0.220710
    2.250000    5.125000    0.312009
    2.250000    5.250000    0.398440
    2.250000    5.375000    0.478653
    2.250000    5.500000    0.551397
    2.250000    5.625000    0.615536
    2.250000    5.750000    0.670070
    2.250000    5.875000    0.714148
    2.250000    6.000000    0.747083
    2.250000    6.125000    0.768359
    2.250000    6.250000    0.777645
    2.250000    6.375000    0.774795
    2.250000    6.500000    0.759856
    2.250000    6.625000    0.733057
    2.250000    6.750000    0.694829
    2.250000    6.875000    0.654648
    2.375000    0.000000    0.693685
    2.375000    0.125000    0.688275
    2.375000    0.250000    0.672118
    2.375000    0.375000    0.645479
    2.375000    0.500000    0.608765
    2.375000    0.625000    0.562553
    2.375000    0.750000    0.507561
    2.375000    0.875000    0.444650
    2.375000    1.000000    0.374799
    2.375000    1.125000    0.299100
    2.375000    1.250000    0.218734
    2.375000    1.375000    0.134955
    2.375000    1.500000    0.049069
    2.375000    1.625000   -0.037582
    2.375000    1.750000   -0.123647
    2.375000    1.875000   -0.207782
    2.375000    2.000000   -0.288675
    2.375000    2.125000   -0.365063
    2.375000    2.250000   -0.435754
    2.375000    2.375000   -0.499646
    2.375000    2.500000   -0.555741
    2.375000    2.625000   -0.603164
    2.375000    2.750000   -0.641175
    2.375000    2.875000   -0.669179
    2.375000    3.000000   -0.686742
    2.375000    3.125000   -0.693589
    2.375000    3.250000   -0.689612
    2.375000    3.375000   -0.674875
    2.375000    3.500000   -0.649606
    2.375000    3.625000   -0.614200
    2.375000    3.750000   -0.569209
    2.375000    3.875000   -0.515337
    2.375000    4.000000   -0.453422
    2.375000    4.125000   -0.384433
    2.375000    4.250000   -0.309444
    2.375000    4.375000   -0.229627
    2.375000    4.500000   -0.146226
    2.375000    4.625000   -0.060543
    2.375000    4.750000    0.026084
    2.375000    4.875000    0.112304
    2.375000    5.000000    0.196772
    2.375000    5.125000    0.278169
    2.375000    5.250000    0.355226
    2.375000    5.375000    0.426739
    2.375000    5.500000    0.491593
    2.375000    5.625000    0.548776
    2.375000    5.750000    0.597396
    2.375000    5.875000    0.636693
    2.375000    6.000000    0.666056
    2.375000    6.125000    0.685024
    2.375000    6.250000    0.693303
    2.375000    6.375000    0.690763
    2.375000    6.500000    0.677444
    2.375000    6.625000    0.653551
    2.375000    6.750000    0.619470
    2.375000    6.875000    0.583646
    2.500000    0.000000    0.598472
    2.500000    0.125000    0.593805
    2.500000    0.250000    0.579865
    2.500000    0.375000    0.556883
    2.500000    0.500000    0.525208
    2.500000    0.625000    0.485339
    2.500000    0.750000    0.437895
    2.500000    0.875000    0.383619
    2.500000    1.000000    0.323356
    2.500000    1.125000    0.258047
    2.500000    1.250000    0.188711
    2.500000    1.375000    0.116431
    2.500000    1.500000    0.042334
    2.500000    1.625000   -0.032423
    2.500000    1.750000   -0.106675
    2.500000    1.875000   -0.179262
    2.500000    2.000000   -0.249052
    2.500000    2.125000   -0.314955
    2.500000    2.250000   -0.375944
    2.500000    2.375000   -0.431066
    2.500000    2.500000   -0.479462
    2.500000    2.625000   -0.520376
    2.500000    2.750000   -0.553169
    2.500000    2.875000   -0.577330
    2.500000    3.000000   -0.592482
    2.500000    3.125000   -0.598389
    2.500000    3.250000   -0.594958
    2.500000    3.375000   -0.582244
    2.500000    3.500000   -0.560443
    2.500000    3.625000   -0.529897
    2.500000    3.750000   -0.491082
    2.500000    3.875000   -0.444603
    2.500000    4.000000   -0.391187
    2.500000    4.125000   -0.331667
    2.500000    4.250000   -0.266971
    2.500000    4.375000   -0.198109
    2.500000    4.500000   -0.126155
    2.500000    4.625000   -0.052233
    2.500000    4.750000    0.022504
    2.500000    4.875000    0.096890
    2.500000    5.000000    0.169764
    2.500000    5.125000    0.239989
    2.500000    5.250000    0.306469
    2.500000    5.375000    0.368166
    2.500000    5.500000    0.424119
    2.500000    5.625000    0.473453
    2.500000    5.750000    0.515399
    2.500000    5.875000    0.549303
    2.500000    6.000000    0.574635
    2.500000    6.125000    0.591000
    2.500000    6.250000    0.598142
    2.500000    6.375000    0.595951
    2.500000    6.500000    0.584460
    2.500000    6.625000    0.563847
    2.500000    6.750000    0.534443
    2.500000    6.875000    0.503537
    2.625000    0.000000    0.493920
    2.625000    0.125000    0.490068
    2.625000    0.250000    0.478564
    2.625000    0.375000    0.459596
    2.625000    0.500000    0.433455
    2.625000    0.625000    0.400551
    2.625000    0.750000    0.361396
    2.625000    0.875000    0.316601
    2.625000    1.000000    0.266866
    2.625000    1.125000    0.212967
    2.625000    1.250000    0.155744
    2.625000    1.375000    0.096091
    2.625000    1.500000    0.034939
    2.625000    1.625000   -0.026759
    2.625000    1.750000   -0.088039
    2.625000    1.875000   -0.147946
    2.625000    2.000000   -0.205543
    2.625000    2.125000   -0.259933
    2.625000    2.250000   -0.310267
    2.625000    2.375000   -0.355760
    2.625000    2.500000   -0.395701
    2.625000    2.625000   -0.429467
    2.625000    2.750000   -0.456532
    2.625000    2.875000   -0.476472
    2.625000    3.000000   -0.488977
    2.625000    3.125000   -0.493852
    2.625000    3.250000   -0.491020
    2.625000    3.375000   -0.480527
    2.625000    3.500000   -0.462535
    2.625000    3.625000   -0.437325
    2.625000    3.750000   -0.405291
    2.625000    3.875000   -0.366932
    2.625000    4.000000   -0.322847
    2.625000    4.125000   -0.273725
    2.625000    4.250000   -0.220332
    2.625000    4.375000   -0.163500
    2.625000    4.500000   -0.104116
    2.625000    4.625000   -0.043108
    2.625000    4.750000    0.018572
    2.625000    4.875000    0.079963
    2.625000    5.000000    0.140106
    2.625000    5.125000    0.198063
    2.625000    5.250000    0.252929
    2.625000    5.375000    0.303849
    2.625000    5.500000    0.350026
    2.625000    5.625000    0.390742
    2.625000    5.750000    0.425360
    2.625000    5.875000    0.453341
    2.625000    6.000000    0.474247
    2.625000    6.125000    0.487754
    2.625000    6.250000    0.493648
    2.625000    6.375000    0.491839
    2.625000    6.500000    0.482356
    2.625000    6.625000    0.465344
    2.625000    6.750000    0.441077
    2.625000    6.875000    0.415570
    2.750000    0.000000    0.381661
    2.750000    0.125000    0.378684
    2.750000    0.250000    0.369795
    2.750000    0.375000    0.355138
    2.750000    0.500000    0.334939
    2.750000    0.625000    0.309513
    2.750000    0.750000    0.279257
    2.750000    0.875000    0.244643
    2.750000    1.000000    0.206212
    2.750000    1.125000    0.164563
    2.750000    1.250000    0.120346
    2.750000    1.375000    0.074251
    2.750000    1.500000    0.026998
    2.750000    1.625000   -0.020677
    2.750000    1.750000   -0.068030
    2.750000    1.875000   -0.114320
    2.750000    2.000000   -0.158827
    2.750000    2.125000   -0.200855
    2.750000    2.250000   -0.239749
    2.750000    2.375000   -0.274902
    2.750000    2.500000   -0.305765
    2.750000    2.625000   -0.331857
    2.750000    2.750000   -0.352770
    2.750000    2.875000   -0.368178
    2.750000    3.000000   -0.377841
    2.750000    3.125000   -0.381608
    2.750000    3.250000   -0.379420
    2.750000    3.375000   -0.371312
    2.750000    3.500000   -0.357409
    2.750000    3.625000   -0.337929
    2.750000    3.750000   -0.313175
    2.750000    3.875000   -0.283535
    2.750000    4.000000   -0.249470
    2.750000    4.125000   -0.211512
    2.750000    4.250000   -0.170254
    2.750000    4.375000   -0.126339
    2.750000    4.500000   -0.080452
    2.750000    4.625000   -0.033310
    2.750000    4.750000    0.014351
    2.750000    4.875000    0.061789
    2.750000    5.000000    0.108263
    2.750000    5.125000    0.153047
    2.750000    5.250000    0.195443
    2.750000    5.375000    0.234789
    2.750000    5.500000    0.270471
    2.750000    5.625000    0.301933
    2.750000    5.750000    0.328683
    2.750000    5.875000    0.350304
    2.750000    6.000000    0.366459
    2.750000    6.125000    0.376896
    2.750000    6.250000    0.381451
    2.750000    6.375000    0.380053
    2.750000    6.500000    0.372725
    2.750000    6.625000    0.359580
    2.750000    6.750000    0.340828
    2.750000    6.875000    0.321118
    2.875000    0.000000    0.263446
    2.875000    0.125000    0.261391
    2.875000    0.250000    0.255255
    2.875000    0.375000    0.245138
    2.875000    0.500000    0.231195
    2.875000    0.625000    0.213645
    2.875000    0.750000    0.192760
    2.875000    0.875000    0.168868
    2.875000    1.000000    0.142340
    2.875000    1.125000    0.113592
    2.875000    1.250000    0.083070
    2.875000    1.375000    0.051253
    2.875000    1.500000    0.018635
    2.875000    1.625000   -0.014273
    2.875000    1.750000   -0.046958
    2.875000    1.875000   -0.078911
    2.875000    2.000000   -0.109632
    2.875000    2.125000   -0.138643
    2.875000    2.250000   -0.165490
    2.875000    2.375000   -0.189754
    2.875000    2.500000   -0.211058
    2.875000    2.625000   -0.229068
    2.875000    2.750000   -0.243504
    2.875000    2.875000   -0.254139
    2.875000    3.000000   -0.260809
    2.875000    3.125000   -0.263409
    2.875000    3.250000   -0.261899
    2.875000    3.375000   -0.256302
    2.875000    3.500000   -0.246706
    2.875000    3.625000   -0.233259
    2.875000    3.750000   -0.216173
    2.875000    3.875000   -0.195713
    2.875000    4.000000   -0.172200
    2.875000    4.125000   -0.145999
    2.875000    4.250000   -0.117520
    2.875000    4.375000   -0.087207
    2.875000    4.500000   -0.055533
    2.875000    4.625000   -0.022993
    2.875000    4.750000    0.009906
    2.875000    4.875000    0.042651
    2.875000    5.000000    0.074730
    2.875000    5.125000    0.105642
    2.875000    5.250000    0.134907
    2.875000    5.375000    0.162066
    2.875000    5.500000    0.186696
    2.875000    5.625000    0.208413
    2.875000    5.750000    0.226877
    2.875000    5.875000    0.241802
    2.875000    6.000000    0.252953
    2.875000    6.125000    0.260157
    2.875000    6.250000    0.263301
    2.875000    6.375000    0.262336
    2.875000    6.500000    0.257278
    2.875000    6.625000    0.248204
    2.875000    6.750000    0.235261
    2.875000    6.875000    0.221656
    3.000000    0.000000    0.141120
    3.000000    0.125000    0.140019
    3.000000    0.250000    0.136733
    3.000000    0.375000    0.131313
    3.000000    0.500000    0.123844
    3.000000    0.625000    0.114443
    3.000000    0.750000    0.103256
    3.000000    0.875000    0.090457
    3.000000    1.000000    0.076247
    3.000000    1.125000    0.060848
    3.000000    1.250000    0.044498
    3.000000    1.375000    0.027455
    3.000000    1.500000    0.009982
    3.000000    1.625000   -0.007645
    3.000000    1.750000   -0.025154
    3.000000    1.875000   -0.042270
    3.000000    2.000000   -0.058727
    3.000000    2.125000   -0.074267
    3.000000    2.250000   -0.088648
    3.000000    2.375000   -0.101646
    3.000000    2.500000   -0.113057
    3.000000    2.625000   -0.122705
    3.000000    2.750000   -0.130438
    3.000000    2.875000   -0.136135
    3.000000    3.000000   -0.139708
    3.000000    3.125000   -0.141100
    3.000000    3.250000   -0.140291
    3.000000    3.375000   -0.137293
    3.000000    3.500000   -0.132153
    3.000000    3.625000   -0.124950
    3.000000    3.750000   -0.115797
    3.000000    3.875000   -0.104838
    3.000000    4.000000   -0.092242
    3.000000    4.125000   -0.078207
    3.000000    4.250000   -0.062952
    3.000000    4.375000   -0.046714
    3.000000    4.500000   -0.029747
    3.000000    4.625000   -0.012317
    3.000000    4.750000    0.005306
    3.000000    4.875000    0.022847
    3.000000    5.000000    0.040030
    3.000000    5.125000    0.056589
    3.000000    5.250000    0.072266
    3.000000    5.375000    0.086814
    3.000000    5.500000    0.100007
    3.000000    5.625000    0.111640
    3.000000    5.750000    0.121531
    3.000000    5.875000    0.129526
    3.000000    6.000000    0.135499
    3.000000    6.125000    0.139358
    3.000000    6.250000    0.141042
    3.000000    6.375000    0.140525
    3.000000    6.500000    0.137816
    3.000000    6.625000    0.132955
    3.000000    6.750000    0.126022
    3.000000    6.875000    0.118734
    3.125000    0.000000    0.016592
    3.125000    0.125000    0.016462
    3.125000    0.250000    0.016076
    3.125000    0.375000    0.015439
    3.125000    0.500000    0.014561
    3.125000    0.625000    0.013455
    3.125000    0.750000    0.012140
    3.125000    0.875000    0.010635
    3.125000    1.000000    0.008965
    3.125000    1.125000    0.007154
    3.125000    1.250000    0.005232
    3.125000    1.375000    0.003228
    3.125000    1.500000    0.001174
    3.125000    1.625000   -0.000899
    3.125000    1.750000   -0.002957
    3.125000    1.875000   -0.004970
    3.125000    2.000000   -0.006905
    3.125000    2.125000   -0.008732
    3.125000    2.250000   -0.010423
    3.125000    2.375000   -0.011951
    3.125000    2.500000   -0.013292
    3.125000    2.625000   -0.014427
    3.125000    2.750000   -0.015336
    3.125000    2.875000   -0.016006
    3.125000    3.000000   -0.016426
    3.125000    3.125000   -0.016590
    3.125000    3.250000   -0.016494
    3.125000    3.375000   -0.016142
    3.125000    3.500000   -0.015538
    3.125000    3.625000   -0.014691
    3.125000    3.750000   -0.013615
    3.125000    3.875000   -0.012326
    3.125000    4.000000   -0.010845
    3.125000    4.125000   -0.009195
    3.125000    4.250000   -0.007401
    3.125000    4.375000   -0.005492
    3.125000    4.500000   -0.003497
    3.125000    4.625000   -0.001448
    3.125000    4.750000    0.000624
    3.125000    4.875000    0.002686
    3.125000    5.000000    0.004706
    3.125000    5.125000    0.006653
    3.125000    5.250000    0.008496
    3.125000    5.375000    0.010207
    3.125000    5.500000    0.011758
    3.125000    5.625000    0.013126
    3.125000    5.750000    0.014289
    3.125000    5.875000    0.015229
    3.125000    6.000000    0.015931
    3.125000    6.125000    0.016385
    3.125000    6.250000    0.016583
    3.125000    6.375000    0.016522
    3.125000    6.500000    0.016203
    3.125000    6.625000    0.015632
    3.125000    6.750000    0.014817
    3.125000    6.875000    0.013960
    3.250000    0.000000   -0.108195
    3.250000    0.125000   -0.107351
    3.250000    0.250000   -0.104831
    3.250000    0.375000   -0.100676
    3.250000    0.500000   -0.094950
    3.250000    0.625000   -0.087742
    3.250000    0.750000   -0.079165
    3.250000    0.875000   -0.069353
    3.250000    1.000000   -0.058458
    3.250000    1.125000   -0.046651
    3.250000    1.250000   -0.034116
    3.250000    1.375000   -0.021049
    3.250000    1.500000   -0.007653
    3.250000    1.625000    0.005862
    3.250000    1.750000    0.019285
    3.250000    1.875000    0.032408
    3.250000    2.000000    0.045025
    3.250000    2.125000    0.056939
    3.250000    2.250000    0.067965
    3.250000    2.375000    0.077931
    3.250000    2.500000    0.086680
    3.250000    2.625000    0.094076
    3.250000    2.750000    0.100005
    3.250000    2.875000    0.104373
    3.250000    3.000000    0.107112
    3.250000    3.125000    0.108180
    3.250000    3.250000    0.107560
    3.250000    3.375000    0.105261
    3.250000    3.500000    0.101320
    3.250000    3.625000    0.095798
    3.250000    3.750000    0.088780
    3.250000    3.875000    0.080378
    3.250000    4.000000    0.070721
    3.250000    4.125000    0.059961
    3.250000    4.250000    0.048264
    3.250000    4.375000    0.035815
    3.250000    4.500000    0.022807
    3.250000    4.625000    0.009443
    3.250000    4.750000   -0.004068
    3.250000    4.875000   -0.017516
    3.250000    5.000000   -0.030691
    3.250000    5.125000   -0.043387
    3.250000    5.250000   -0.055405
    3.250000    5.375000   -0.066559
    3.250000    5.500000   -0.076675
    3.250000    5.625000   -0.085593
    3.250000    5.750000   -0.093177
    3.250000    5.875000   -0.099306
    3.250000    6.000000   -0.103886
    3.250000    6.125000   -0.106844
    3.250000    6.250000   -0.108136
    3.250000    6.375000   -0.107739
    3.250000    6.500000   -0.105662
    3.250000    6.625000   -0.101935
    3.250000    6.750000   -0.096620
    3.250000    6.875000   -0.091032
    3.375000    0.000000   -0.231294
    3.375000    0.125000   -0.229490
    3.375000    0.250000   -0.224103
    3.375000    0.375000   -0.215221
    3.375000    0.500000   -0.202979
    3.375000    0.625000   -0.187571
    3.375000    0.750000   -0.169235
    3.375000    0.875000   -0.148259
    3.375000    1.000000   -0.124969
    3.375000    1.125000   -0.099728
    3.375000    1.250000   -0.072932
    3.375000    1.375000   -0.044998
    3.375000    1.500000   -0.016361
    3.375000    1.625000    0.012531
    3.375000    1.750000    0.041227
    3.375000    1.875000    0.069280
    3.375000    2.000000    0.096252
    3.375000    2.125000    0.121722
    3.375000    2.250000    0.145293
    3.375000    2.375000    0.166596
    3.375000    2.500000    0.185300
    3.375000    2.625000    0.201112
    3.375000    2.750000    0.213785
    3.375000    2.875000    0.223123
    3.375000    3.000000    0.228979
    3.375000    3.125000    0.231262
    3.375000    3.250000    0.229936
    3.375000    3.375000    0.225022
    3.375000    3.500000    0.216597
    3.375000    3.625000    0.204791
    3.375000    3.750000    0.189790
    3.375000    3.875000    0.171827
    3.375000    4.000000    0.151184
    3.375000    4.125000    0.128181
    3.375000    4.250000    0.103177
    3.375000    4.375000    0.076564
    3.375000    4.500000    0.048756
    3.375000    4.625000    0.020187
    3.375000    4.750000   -0.008697
    3.375000    4.875000   -0.037445
    3.375000    5.000000   -0.065609
    3.375000    5.125000   -0.092749
    3.375000    5.250000   -0.118442
    3.375000    5.375000   -0.142287
    3.375000    5.500000   -0.163911
    3.375000    5.625000   -0.182977
    3.375000    5.750000   -0.199188
    3.375000    5.875000   -0.212291
    3.375000    6.000000   -0.222081
    3.375000    6.125000   -0.228406
    3.375000    6.250000   -0.231166
    3.375000    6.375000   -0.230319
    3.375000    6.500000   -0.225879
    3.375000    6.625000   -0.217912
    3.375000    6.750000   -0.206548
    3.375000    6.875000   -0.194604
    3.500000    0.000000   -0.350783
    3.500000    0.125000   -0.348047
    3.500000    0.250000   -0.339877
    3.500000    0.375000   -0.326406
    3.500000    0.500000   -0.307841
    3.500000    0.625000   -0.284472
    3.500000    0.750000   -0.256664
    3.500000    0.875000   -0.224851
    3.500000    1.000000   -0.189529
    3.500000    1.125000   -0.151249
    3.500000    1.250000   -0.110610
    3.500000    1.375000   -0.068244
    3.500000    1.500000   -0.024813
    3.500000    1.625000    0.019004
    3.500000    1.750000    0.062526
    3.500000    1.875000    0.105071
    3.500000    2.000000    0.145977
    3.500000    2.125000    0.184605
    3.500000    2.250000    0.220353
    3.500000    2.375000    0.252661
    3.500000    2.500000    0.281028
    3.500000    2.625000    0.305009
    3.500000    2.750000    0.324230
    3.500000    2.875000    0.338391
    3.500000    3.000000    0.347272
    3.500000    3.125000    0.350735
    3.500000    3.250000    0.348724
    3.500000    3.375000    0.341271
    3.500000    3.500000    0.328493
    3.500000    3.625000    0.310589
    3.500000    3.750000    0.287838
    3.500000    3.875000    0.260596
    3.500000    4.000000    0.229287
    3.500000    4.125000    0.194400
    3.500000    4.250000    0.156480
    3.500000    4.375000    0.116118
    3.500000    4.500000    0.073944
    3.500000    4.625000    0.030616
    3.500000    4.750000   -0.013190
    3.500000    4.875000   -0.056790
    3.500000    5.000000   -0.099504
    3.500000    5.125000   -0.140665
    3.500000    5.250000   -0.179631
    3.500000    5.375000   -0.215794
    3.500000    5.500000   -0.248589
    3.500000    5.625000   -0.277506
    3.500000    5.750000   -0.302092
    3.500000    5.875000   -0.321964
    3.500000    6.000000   -0.336812
    3.500000    6.125000   -0.346404
    3.500000    6.250000   -0.350590
    3.500000    6.375000   -0.349305
    3.500000    6.500000   -0.342570
    3.500000    6.625000   -0.330488
    3.500000    6.750000   -0.313254
    3.500000    6.875000   -0.295139
    3.625000    0.000000   -0.464799
    3.625000    0.125000   -0.461174
    3.625000    0.250000   -0.450348
    3.625000    0.375000   -0.432499
    3.625000    0.500000   -0.407899
    3.625000    0.625000   -0.376934
    3.625000    0.750000   -0.340088
    3.625000    0.875000   -0.297935
    3.625000    1.000000   -0.251132
    3.625000    1.125000   -0.200410
    3.625000    1.250000   -0.146561
    3.625000    1.375000   -0.090425
    3.625000    1.500000   -0.032879
    3.625000    1.625000    0.025181
    3.625000    1.750000    0.082849
    3.625000    1.875000    0.139223
    3.625000    2.000000    0.193424
    3.625000    2.125000    0.244608
    3.625000    2.250000    0.291974
    3.625000    2.375000    0.334784
    3.625000    2.500000    0.372370
    3.625000    2.625000    0.404146
    3.625000    2.750000    0.429615
    3.625000    2.875000    0.448379
    3.625000    3.000000    0.460147
    3.625000    3.125000    0.464734
    3.625000    3.250000    0.462070
    3.625000    3.375000    0.452195
    3.625000    3.500000    0.435264
    3.625000    3.625000    0.411540
    3.625000    3.750000    0.381395
    3.625000    3.875000    0.345298
    3.625000    4.000000    0.303812
    3.625000    4.125000    0.257586
    3.625000    4.250000    0.207341
    3.625000    4.375000    0.153860
    3.625000    4.500000    0.097978
    3.625000    4.625000    0.040567
    3.625000    4.750000   -0.017477
    3.625000    4.875000   -0.075249
    3.625000    5.000000   -0.131846
    3.625000    5.125000   -0.186385
    3.625000    5.250000   -0.238017
    3.625000    5.375000   -0.285934
    3.625000    5.500000   -0.329389
    3.625000    5.625000   -0.367704
    3.625000    5.750000   -0.400281
    3.625000    5.875000   -0.426612
    3.625000    6.000000   -0.446286
    3.625000    6.125000   -0.458996
    3.625000    6.250000   -0.464543
    3.625000    6.375000   -0.462841
    3.625000    6.500000   -0.453917
    3.625000    6.625000   -0.437907
    3.625000    6.750000   -0.415071
    3.625000    6.875000   -0.391068
    3.750000    0.000000   -0.571561
    3.750000    0.125000   -0.567104
    3.750000    0.250000   -0.553791
    3.750000    0.375000   -0.531842
    3.750000    0.500000   -0.501592
    3.750000    0.625000   -0.463515
    3.750000    0.750000   -0.418205
    3.750000    0.875000   -0.366369
    3.750000    1.000000   -0.308816
    3.750000    1.125000   -0.246444
    3.750000    1.250000   -0.180226
    3.750000    1.375000   -0.111196
    3.750000    1.500000   -0.040431
    3.750000    1.625000    0.030966
    3.750000    1.750000    0.101879
    3.750000    1.875000    0.171202
    3.750000    2.000000    0.237853
    3.750000    2.125000    0.300793
    3.750000    2.250000    0.359039
    3.750000    2.375000    0.411683
    3.750000    2.500000    0.457903
    3.750000    2.625000    0.496977
    3.750000    2.750000    0.528295
    3.750000    2.875000    0.551370
    3.750000    3.000000    0.565841
    3.750000    3.125000    0.571482
    3.750000    3.250000    0.568206
    3.750000    3.375000    0.556063
    3.750000    3.500000    0.535242
    3.750000    3.625000    0.506070
    3.750000    3.750000    0.469000
    3.750000    3.875000    0.424611
    3.750000    4.000000    0.373597
    3.750000    4.125000    0.316753
    3.750000    4.250000    0.254966
    3.750000    4.375000    0.189201
    3.750000    4.500000    0.120483
    3.750000    4.625000    0.049885
    3.750000    4.750000   -0.021492
    3.750000    4.875000   -0.092533
    3.750000    5.000000   -0.162130
    3.750000    5.125000   -0.229197
    3.750000    5.250000   -0.292688
    3.750000    5.375000   -0.351612
    3.750000    5.500000   -0.405048
    3.750000    5.625000   -0.452164
    3.750000    5.750000   -0.492224
    3.750000    5.875000   -0.524603
    3.750000    6.000000   -0.548796
    3.750000    6.125000   -0.564425
    3.750000    6.250000   -0.571246
    3.750000    6.375000   -0.569153
    3.750000    6.500000   -0.558180
    3.750000    6.625000   -0.538493
    3.750000    6.750000   -0.510412
    3.750000    6.875000   -0.480895
    3.875000    0.000000   -0.669405
    3.875000    0.125000   -0.664184
    3.875000    0.250000   -0.648593
    3.875000    0.375000   -0.622886
    3.875000    0.500000   -0.587457
    3.875000    0.625000   -0.542862
    3.875000    0.750000   -0.489796
    3.875000    0.875000   -0.429086
    3.875000    1.000000   -0.361681
    3.875000    1.125000   -0.288631
    3.875000    1.250000   -0.211078
    3.875000    1.375000   -0.130231
    3.875000    1.500000   -0.047352
    3.875000    1.625000    0.036266
    3.875000    1.750000    0.119319
    3.875000    1.875000    0.200509
    3.875000    2.000000    0.278571
    3.875000    2.125000    0.352285
    3.875000    2.250000    0.420502
    3.875000    2.375000    0.482157
    3.875000    2.500000    0.536289
    3.875000    2.625000    0.582052
    3.875000    2.750000    0.618732
    3.875000    2.875000    0.645757
    3.875000    3.000000    0.662705
    3.875000    3.125000    0.669312
    3.875000    3.250000    0.665475
    3.875000    3.375000    0.651253
    3.875000    3.500000    0.626869
    3.875000    3.625000    0.592702
    3.875000    3.750000    0.549286
    3.875000    3.875000    0.497299
    3.875000    4.000000    0.437552
    3.875000    4.125000    0.370977
    3.875000    4.250000    0.298613
    3.875000    4.375000    0.221589
    3.875000    4.500000    0.141108
    3.875000    4.625000    0.058424
    3.875000    4.750000   -0.025171
    3.875000    4.875000   -0.108373
    3.875000    5.000000   -0.189885
    3.875000    5.125000   -0.268433
    3.875000    5.250000   -0.342792
    3.875000    5.375000   -0.411803
    3.875000    5.500000   -0.474387
    3.875000    5.625000   -0.529568
    3.875000    5.750000   -0.576486
    3.875000    5.875000   -0.614408
    3.875000    6.000000   -0.642742
    3.875000    6.125000   -0.661047
    3.875000    6.250000   -0.669036
    3.875000    6.375000   -0.666585
    3.875000    6.500000   -0.653732
    3.875000    6.625000   -0.630676
    3.875000    6.750000   -0.597787
    3.875000    6.875000   -0.563218
