    0.000000    0.000000    0.000000
    0.000000    0.145833    0.000000
    0.000000    0.291667    0.000000
    0.000000    0.437500    0.000000
    0.000000    0.583333    0.000000
    0.000000    0.729167    0.000000
    0.000000    0.875000    0.000000
    0.000000    1.020833    0.000000
    0.000000    1.166667    0.000000
    0.000000    1.312500    0.000000
    0.000000    1.458333    0.000000
    0.000000    1.604167    0.000000
    0.000000    1.750000    0.000000
    0.000000    1.895833    0.000000
    0.000000    2.041667    0.000000
    0.000000    2.187500    0.000000
    0.000000    2.333333    0.000000
    0.000000    2.479167    0.000000
    0.000000    2.625000    0.000000
    0.000000    2.770833    0.000000
    0.000000    2.916667    0.000000
    0.000000    3.062500    0.000000
    0.000000    3.208333    0.000000
    0.000000    3.354167    0.000000
    0.000000    3.500000    0.000000
    0.000000    3.645833    0.000000
    0.000000    3.791667    0.000000
    0.000000    3.937500    0.000000
    0.000000    4.083333    0.000000
    0.000000    4.229167    0.000000
    0.000000    4.375000    0.000000
    0.000000    4.520833    0.000000
    0.000000    4.666667    0.000000
    0.000000    4.812500    0.000000
    0.000000    4.958333    0.000000
    0.000000    5.104167    0.000000
    0.000000    5.250000    0.000000
    0.000000    5.395833    0.000000
    0.000000    5.541667    0.000000
    0.000000    5.687500    0.000000
    0.000000    5.833333    0.000000
    0.000000    5.979167    0.000000
    0.000000    6.125000    0.000000
    0.000000    6.270833    0.000000
    0.000000    6.416667    0.000000
    0.000000    6.562500    0.000000
    0.000000    6.708333    0.000000
    0.000000    6.854167    0.000000
    0.125000    0.000000    0.124675
    0.125000    0.145833    0.123351
    0.125000    0.291667    0.119409
    0.125000    0.437500    0.112932
    0.125000    0.583333    0.104057
    0.125000    0.729167    0.092974
    0.125000    0.875000    0.079916
    0.125000    1.020833    0.065162
    0.125000    1.166667    0.049024
    0.125000    1.312500    0.031846
    0.125000    1.458333    0.013992
    0.125000    1.604167   -0.004160
    0.125000    1.750000   -0.022223
    0.125000    1.895833   -0.039814
    0.125000    2.041667   -0.056560
    0.125000    2.187500   -0.072106
    0.125000    2.333333   -0.086120
    0.125000    2.479167   -0.098306
    0.125000    2.625000   -0.108406
    0.125000    2.770833   -0.116203
    0.125000    2.916667   -0.121534
    0.125000    3.062500   -0.124285
    0.125000    3.208333   -0.124397
    0.125000    3.354167   -0.121868
    0.125000    3.500000   -0.116752
    0.125000    3.645833   -0.109158
    0.125000    3.791667   -0.099246
    0.125000    3.937500   -0.087227
    0.125000    4.083333   -0.073356
    0.125000    4.229167   -0.057928
    0.125000    4.375000   -0.041270
    0.125000    4.520833   -0.023736
    0.125000    4.666667   -0.005698
    0.125000    4.812500    0.012460
    0.125000    4.958333    0.030355
    0.125000    5.104167    0.047605
    0.125000    5.250000    0.063844
    0.125000    5.395833    0.078728
    0.125000    5.541667    0.091941
    0.125000    5.687500    0.103201
    0.125000    5.833333    0.112271
    0.125000    5.979167    0.118957
    0.125000    6.125000    0.123118
    0.125000    6.270833    0.124665
    0.125000    6.416667    0.123566
    0.125000    6.562500    0.119843
    0.125000    6.708333    0.113576
    0.125000    6.854167    0.104898
    0.250000    0.000000    0.247404
    0.250000    0.145833    0.244778
    0.250000    0.291667    0.236955
    0.250000    0.437500    0.224102
    0.250000    0.583333    0.206491
    0.250000    0.729167    0.184497
    0.250000    0.875000    0.158585
    0.250000    1.020833    0.129307
    0.250000    1.166667    0.097284
    0.250000    1.312500    0.063195
    0.250000    1.458333    0.027765
    0.250000    1.604167   -0.008254
    0.250000    1.750000   -0.044099
    0.250000    1.895833   -0.079007
    0.250000    2.041667   -0.112238
    0.250000    2.187500   -0.143086
    0.250000    2.333333   -0.170896
    0.250000    2.479167   -0.195079
    0.250000    2.625000   -0.215120
    0.250000    2.770833   -0.230593
    0.250000    2.916667   -0.241172
    0.250000    3.062500   -0.246631
    0.250000    3.208333   -0.246853
    0.250000    3.354167   -0.241835
    0.250000    3.500000   -0.231683
    0.250000    3.645833   -0.216612
    0.250000    3.791667   -0.196943
    0.250000    3.937500   -0.173093
    0.250000    4.083333   -0.145568
    0.250000    4.229167   -0.114953
    0.250000    4.375000   -0.081897
    0.250000    4.520833   -0.047102
    0.250000    4.666667   -0.011308
    0.250000    4.812500    0.024727
    0.250000    4.958333    0.060236
    0.250000    5.104167    0.094467
    0.250000    5.250000    0.126692
    0.250000    5.395833    0.156228
    0.250000    5.541667    0.182446
    0.250000    5.687500    0.204792
    0.250000    5.833333    0.222790
    0.250000    5.979167    0.236058
    0.250000    6.125000    0.244315
    0.250000    6.270833    0.247385
    0.250000    6.416667    0.245203
    0.250000    6.562500    0.237816
    0.250000    6.708333    0.225379
    0.250000    6.854167    0.208159
    0.375000    0.000000    0.366273
    0.375000    0.145833    0.362385
    0.375000    0.291667    0.350803
    0.375000    0.437500    0.331775
    0.375000    0.583333    0.305703
    0.375000    0.729167    0.273140
    0.375000    0.875000    0.234780
    0.375000    1.020833    0.191434
    0.375000    1.166667    0.144025
    0.375000    1.312500    0.093558
    0.375000    1.458333    0.041105
    0.375000    1.604167   -0.012220
    0.375000    1.750000   -0.065287
    0.375000    1.895833   -0.116967
    0.375000    2.041667   -0.166164
    0.375000    2.187500   -0.211833
    0.375000    2.333333   -0.253006
    0.375000    2.479167   -0.288807
    0.375000    2.625000   -0.318477
    0.375000    2.770833   -0.341385
    0.375000    2.916667   -0.357046
    0.375000    3.062500   -0.365127
    0.375000    3.208333   -0.365457
    0.375000    3.354167   -0.358028
    0.375000    3.500000   -0.342998
    0.375000    3.645833   -0.320687
    0.375000    3.791667   -0.291567
    0.375000    3.937500   -0.256258
    0.375000    4.083333   -0.215508
    0.375000    4.229167   -0.170183
    0.375000    4.375000   -0.121245
    0.375000    4.520833   -0.069733
    0.375000    4.666667   -0.016741
    0.375000    4.812500    0.036607
    0.375000    4.958333    0.089177
    0.375000    5.104167    0.139855
    0.375000    5.250000    0.187563
    0.375000    5.395833    0.231289
    0.375000    5.541667    0.270105
    0.375000    5.687500    0.303187
    0.375000    5.833333    0.329833
    0.375000    5.979167    0.349476
    0.375000    6.125000    0.361700
    0.375000    6.270833    0.366245
    0.375000    6.416667    0.363014
    0.375000    6.562500    0.352077
    0.375000    6.708333    0.333666
    0.375000    6.854167    0.308171
    0.500000    0.000000    0.479426
    0.500000    0.145833    0.474337
    0.500000    0.291667    0.459177
    0.500000    0.437500    0.434270
    0.500000    0.583333    0.400144
    0.500000    0.729167    0.357522
    0.500000    0.875000    0.307310
    0.500000    1.020833    0.250574
    0.500000    1.166667    0.188519
    0.500000    1.312500    0.122461
    0.500000    1.458333    0.053804
    0.500000    1.604167   -0.015996
    0.500000    1.750000   -0.085456
    0.500000    1.895833   -0.153102
    0.500000    2.041667   -0.217497
    0.500000    2.187500   -0.277275
    0.500000    2.333333   -0.331167
    0.500000    2.479167   -0.378028
    0.500000    2.625000   -0.416864
    0.500000    2.770833   -0.446850
    0.500000    2.916667   -0.467349
    0.500000    3.062500   -0.477927
    0.500000    3.208333   -0.478358
    0.500000    3.354167   -0.468634
    0.500000    3.500000   -0.448961
    0.500000    3.645833   -0.419757
    0.500000    3.791667   -0.381641
    0.500000    3.937500   -0.335424
    0.500000    4.083333   -0.282085
    0.500000    4.229167   -0.222758
    0.500000    4.375000   -0.158702
    0.500000    4.520833   -0.091276
    0.500000    4.666667   -0.021913
    0.500000    4.812500    0.047916
    0.500000    4.958333    0.116727
    0.500000    5.104167    0.183060
    0.500000    5.250000    0.245507
    0.500000    5.395833    0.302742
    0.500000    5.541667    0.353549
    0.500000    5.687500    0.396851
    0.500000    5.833333    0.431728
    0.500000    5.979167    0.457440
    0.500000    6.125000    0.473440
    0.500000    6.270833    0.479389
    0.500000    6.416667    0.475161
    0.500000    6.562500    0.460845
    0.500000    6.708333    0.436746
    0.500000    6.854167    0.403375
    0.625000    0.000000    0.585097
    0.625000    0.145833    0.578887
    0.625000    0.291667    0.560386
    0.625000    0.437500    0.529989
    0.625000    0.583333    0.488340
    0.625000    0.729167    0.436325
    0.625000    0.875000    0.375046
    0.625000    1.020833    0.305804
    0.625000    1.166667    0.230071
    0.625000    1.312500    0.149454
    0.625000    1.458333    0.065663
    0.625000    1.604167   -0.019521
    0.625000    1.750000   -0.104291
    0.625000    1.895833   -0.186847
    0.625000    2.041667   -0.265436
    0.625000    2.187500   -0.338391
    0.625000    2.333333   -0.404161
    0.625000    2.479167   -0.461351
    0.625000    2.625000   -0.508746
    0.625000    2.770833   -0.545341
    0.625000    2.916667   -0.570359
    0.625000    3.062500   -0.583268
    0.625000    3.208333   -0.583795
    0.625000    3.354167   -0.571927
    0.625000    3.500000   -0.547918
    0.625000    3.645833   -0.512277
    0.625000    3.791667   -0.465760
    0.625000    3.937500   -0.409356
    0.625000    4.083333   -0.344260
    0.625000    4.229167   -0.271857
    0.625000    4.375000   -0.193681
    0.625000    4.520833   -0.111395
    0.625000    4.666667   -0.026743
    0.625000    4.812500    0.058477
    0.625000    4.958333    0.142455
    0.625000    5.104167    0.223409
    0.625000    5.250000    0.299620
    0.625000    5.395833    0.369470
    0.625000    5.541667    0.431476
    0.625000    5.687500    0.484323
    0.625000    5.833333    0.526887
    0.625000    5.979167    0.558265
    0.625000    6.125000    0.577792
    0.625000    6.270833    0.585053
    0.625000    6.416667    0.579893
    0.625000    6.562500    0.562422
    0.625000    6.708333    0.533011
    0.625000    6.854167    0.492284
    0.750000    0.000000    0.681639
    0.750000    0.145833    0.674403
    0.750000    0.291667    0.652850
    0.750000    0.437500    0.617438
    0.750000    0.583333    0.568917
    0.750000    0.729167    0.508318
    0.750000    0.875000    0.436928
    0.750000    1.020833    0.356262
    0.750000    1.166667    0.268033
    0.750000    1.312500    0.174114
    0.750000    1.458333    0.076498
    0.750000    1.604167   -0.022742
    0.750000    1.750000   -0.121499
    0.750000    1.895833   -0.217677
    0.750000    2.041667   -0.309234
    0.750000    2.187500   -0.394225
    0.750000    2.333333   -0.470848
    0.750000    2.479167   -0.537474
    0.750000    2.625000   -0.592690
    0.750000    2.770833   -0.635323
    0.750000    2.916667   -0.664469
    0.750000    3.062500   -0.679508
    0.750000    3.208333   -0.680121
    0.750000    3.354167   -0.666296
    0.750000    3.500000   -0.638325
    0.750000    3.645833   -0.596803
    0.750000    3.791667   -0.542611
    0.750000    3.937500   -0.476900
    0.750000    4.083333   -0.401064
    0.750000    4.229167   -0.316713
    0.750000    4.375000   -0.225639
    0.750000    4.520833   -0.129775
    0.750000    4.666667   -0.031155
    0.750000    4.812500    0.068126
    0.750000    4.958333    0.165960
    0.750000    5.104167    0.260271
    0.750000    5.250000    0.349057
    0.750000    5.395833    0.430433
    0.750000    5.541667    0.502670
    0.750000    5.687500    0.564236
    0.750000    5.833333    0.613824
    0.750000    5.979167    0.650380
    0.750000    6.125000    0.673128
    0.750000    6.270833    0.681587
    0.750000    6.416667    0.675575
    0.750000    6.562500    0.655222
    0.750000    6.708333    0.620958
    0.750000    6.854167    0.573511
    0.875000    0.000000    0.767544
    0.875000    0.145833    0.759396
    0.875000    0.291667    0.735127
    0.875000    0.437500    0.695251
    0.875000    0.583333    0.640616
    0.875000    0.729167    0.572380
    0.875000    0.875000    0.491993
    0.875000    1.020833    0.401161
    0.875000    1.166667    0.301812
    0.875000    1.312500    0.196057
    0.875000    1.458333    0.086138
    0.875000    1.604167   -0.025608
    0.875000    1.750000   -0.136812
    0.875000    1.895833   -0.245110
    0.875000    2.041667   -0.348205
    0.875000    2.187500   -0.443908
    0.875000    2.333333   -0.530187
    0.875000    2.479167   -0.605210
    0.875000    2.625000   -0.667385
    0.875000    2.770833   -0.715391
    0.875000    2.916667   -0.748210
    0.875000    3.062500   -0.765144
    0.875000    3.208333   -0.765835
    0.875000    3.354167   -0.750267
    0.875000    3.500000   -0.718771
    0.875000    3.645833   -0.672016
    0.875000    3.791667   -0.610995
    0.875000    3.937500   -0.537002
    0.875000    4.083333   -0.451608
    0.875000    4.229167   -0.356628
    0.875000    4.375000   -0.254076
    0.875000    4.520833   -0.146130
    0.875000    4.666667   -0.035082
    0.875000    4.812500    0.076711
    0.875000    4.958333    0.186876
    0.875000    5.104167    0.293073
    0.875000    5.250000    0.393048
    0.875000    5.395833    0.484679
    0.875000    5.541667    0.566020
    0.875000    5.687500    0.635345
    0.875000    5.833333    0.691182
    0.875000    5.979167    0.732345
    0.875000    6.125000    0.757961
    0.875000    6.270833    0.767485
    0.875000    6.416667    0.760716
    0.875000    6.562500    0.737797
    0.875000    6.708333    0.699215
    0.875000    6.854167    0.645789
    1.000000    0.000000    0.841471
    1.000000    0.145833    0.832539
    1.000000    0.291667    0.805932
    1.000000    0.437500    0.762216
    1.000000    0.583333    0.702318
    1.000000    0.729167    0.627510
    1.000000    0.875000    0.539380
    1.000000    1.020833    0.439800
    1.000000    1.166667    0.330882
    1.000000    1.312500    0.214940
    1.000000    1.458333    0.094435
    1.000000    1.604167   -0.028075
    1.000000    1.750000   -0.149989
    1.000000    1.895833   -0.268719
    1.000000    2.041667   -0.381743
    1.000000    2.187500   -0.486664
    1.000000    2.333333   -0.581253
    1.000000    2.479167   -0.663502
    1.000000    2.625000   -0.731665
    1.000000    2.770833   -0.784295
    1.000000    2.916667   -0.820275
    1.000000    3.062500   -0.838840
    1.000000    3.208333   -0.839598
    1.000000    3.354167   -0.822530
    1.000000    3.500000   -0.788001
    1.000000    3.645833   -0.736743
    1.000000    3.791667   -0.669844
    1.000000    3.937500   -0.588724
    1.000000    4.083333   -0.495106
    1.000000    4.229167   -0.390977
    1.000000    4.375000   -0.278547
    1.000000    4.520833   -0.160205
    1.000000    4.666667   -0.038461
    1.000000    4.812500    0.084100
    1.000000    4.958333    0.204875
    1.000000    5.104167    0.321301
    1.000000    5.250000    0.430905
    1.000000    5.395833    0.531362
    1.000000    5.541667    0.620537
    1.000000    5.687500    0.696540
    1.000000    5.833333    0.757754
    1.000000    5.979167    0.802882
    1.000000    6.125000    0.830965
    1.000000    6.270833    0.841407
    1.000000    6.416667    0.833986
    1.000000    6.562500    0.808859
    1.000000    6.708333    0.766561
    1.000000    6.854167    0.707989
    1.125000    0.000000    0.902268
    1.125000    0.145833    0.892690
    1.125000    0.291667    0.864161
    1.125000    0.437500    0.817286
    1.125000    0.583333    0.753061
    1.125000    0.729167    0.672848
    1.125000    0.875000    0.578351
    1.125000    1.020833    0.471575
    1.125000    1.166667    0.354788
    1.125000    1.312500    0.230470
    1.125000    1.458333    0.101258
    1.125000    1.604167   -0.030103
    1.125000    1.750000   -0.160826
    1.125000    1.895833   -0.288134
    1.125000    2.041667   -0.409325
    1.125000    2.187500   -0.521826
    1.125000    2.333333   -0.623249
    1.125000    2.479167   -0.711440
    1.125000    2.625000   -0.784528
    1.125000    2.770833   -0.840961
    1.125000    2.916667   -0.879540
    1.125000    3.062500   -0.899447
    1.125000    3.208333   -0.900259
    1.125000    3.354167   -0.881959
    1.125000    3.500000   -0.844935
    1.125000    3.645833   -0.789973
    1.125000    3.791667   -0.718240
    1.125000    3.937500   -0.631260
    1.125000    4.083333   -0.530877
    1.125000    4.229167   -0.419225
    1.125000    4.375000   -0.298673
    1.125000    4.520833   -0.171779
    1.125000    4.666667   -0.041239
    1.125000    4.812500    0.090176
    1.125000    4.958333    0.219677
    1.125000    5.104167    0.344515
    1.125000    5.250000    0.462038
    1.125000    5.395833    0.569753
    1.125000    5.541667    0.665372
    1.125000    5.687500    0.746865
    1.125000    5.833333    0.812502
    1.125000    5.979167    0.860891
    1.125000    6.125000    0.891003
    1.125000    6.270833    0.902199
    1.125000    6.416667    0.894242
    1.125000    6.562500    0.867300
    1.125000    6.708333    0.821946
    1.125000    6.854167    0.759142
    1.250000    0.000000    0.948985
    1.250000    0.145833    0.938911
    1.250000    0.291667    0.908905
    1.250000    0.437500    0.859603
    1.250000    0.583333    0.792052
    1.250000    0.729167    0.707686
    1.250000    0.875000    0.608296
    1.250000    1.020833    0.495992
    1.250000    1.166667    0.373158
    1.250000    1.312500    0.242403
    1.250000    1.458333    0.106501
    1.250000    1.604167   -0.031662
    1.250000    1.750000   -0.169153
    1.250000    1.895833   -0.303052
    1.250000    2.041667   -0.430518
    1.250000    2.187500   -0.548844
    1.250000    2.333333   -0.655519
    1.250000    2.479167   -0.748277
    1.250000    2.625000   -0.825149
    1.250000    2.770833   -0.884503
    1.250000    2.916667   -0.925080
    1.250000    3.062500   -0.946018
    1.250000    3.208333   -0.946872
    1.250000    3.354167   -0.927624
    1.250000    3.500000   -0.888683
    1.250000    3.645833   -0.830875
    1.250000    3.791667   -0.755429
    1.250000    3.937500   -0.663945
    1.250000    4.083333   -0.558365
    1.250000    4.229167   -0.440931
    1.250000    4.375000   -0.314137
    1.250000    4.520833   -0.180674
    1.250000    4.666667   -0.043375
    1.250000    4.812500    0.094845
    1.250000    4.958333    0.231052
    1.250000    5.104167    0.362353
    1.250000    5.250000    0.485961
    1.250000    5.395833    0.599253
    1.250000    5.541667    0.699823
    1.250000    5.687500    0.785535
    1.250000    5.833333    0.854572
    1.250000    5.979167    0.905465
    1.250000    6.125000    0.937136
    1.250000    6.270833    0.948912
    1.250000    6.416667    0.940543
    1.250000    6.562500    0.912206
    1.250000    6.708333    0.864504
    1.250000    6.854167    0.798448
    1.375000    0.000000    0.980893
    1.375000    0.145833    0.970481
    1.375000    0.291667    0.939466
    1.375000    0.437500    0.888506
    1.375000    0.583333    0.818684
    1.375000    0.729167    0.731481
    1.375000    0.875000    0.628749
    1.375000    1.020833    0.512669
    1.375000    1.166667    0.385705
    1.375000    1.312500    0.250553
    1.375000    1.458333    0.110082
    1.375000    1.604167   -0.032727
    1.375000    1.750000   -0.174840
    1.375000    1.895833   -0.313242
    1.375000    2.041667   -0.444994
    1.375000    2.187500   -0.567299
    1.375000    2.333333   -0.677560
    1.375000    2.479167   -0.773437
    1.375000    2.625000   -0.852894
    1.375000    2.770833   -0.914244
    1.375000    2.916667   -0.956185
    1.375000    3.062500   -0.977827
    1.375000    3.208333   -0.978709
    1.375000    3.354167   -0.958814
    1.375000    3.500000   -0.918564
    1.375000    3.645833   -0.858813
    1.375000    3.791667   -0.780829
    1.375000    3.937500   -0.686269
    1.375000    4.083333   -0.577139
    1.375000    4.229167   -0.455757
    1.375000    4.375000   -0.324700
    1.375000    4.520833   -0.186749
    1.375000    4.666667   -0.044833
    1.375000    4.812500    0.098034
    1.375000    4.958333    0.238820
    1.375000    5.104167    0.374536
    1.375000    5.250000    0.502301
    1.375000    5.395833    0.619402
    1.375000    5.541667    0.723353
    1.375000    5.687500    0.811948
    1.375000    5.833333    0.883305
    1.375000    5.979167    0.935910
    1.375000    6.125000    0.968646
    1.375000    6.270833    0.980818
    1.375000    6.416667    0.972168
    1.375000    6.562500    0.942878
    1.375000    6.708333    0.893572
    1.375000    6.854167    0.825295
    1.500000    0.000000    0.997495
    1.500000    0.145833    0.986907
    1.500000    0.291667    0.955367
    1.500000    0.437500    0.903545
    1.500000    0.583333    0.832540
    1.500000    0.729167    0.743862
    1.500000    0.875000    0.639391
    1.500000    1.020833    0.521346
    1.500000    1.166667    0.392234
    1.500000    1.312500    0.254794
    1.500000    1.458333    0.111945
    1.500000    1.604167   -0.033281
    1.500000    1.750000   -0.177800
    1.500000    1.895833   -0.318544
    1.500000    2.041667   -0.452526
    1.500000    2.187500   -0.576900
    1.500000    2.333333   -0.689028
    1.500000    2.479167   -0.786527
    1.500000    2.625000   -0.867329
    1.500000    2.770833   -0.929718
    1.500000    2.916667   -0.972369
    1.500000    3.062500   -0.994377
    1.500000    3.208333   -0.995274
    1.500000    3.354167   -0.975042
    1.500000    3.500000   -0.934111
    1.500000    3.645833   -0.873348
    1.500000    3.791667   -0.794045
    1.500000    3.937500   -0.697884
    1.500000    4.083333   -0.586908
    1.500000    4.229167   -0.463471
    1.500000    4.375000   -0.330195
    1.500000    4.520833   -0.189909
    1.500000    4.666667   -0.045592
    1.500000    4.812500    0.099694
    1.500000    4.958333    0.242862
    1.500000    5.104167    0.380876
    1.500000    5.250000    0.510803
    1.500000    5.395833    0.629886
    1.500000    5.541667    0.735596
    1.500000    5.687500    0.825691
    1.500000    5.833333    0.898256
    1.500000    5.979167    0.951751
    1.500000    6.125000    0.985041
    1.500000    6.270833    0.997419
    1.500000    6.416667    0.988622
    1.500000    6.562500    0.958837
    1.500000    6.708333    0.908696
    1.500000    6.854167    0.839263
    1.625000    0.000000    0.998531
    1.625000    0.145833    0.987932
    1.625000    0.291667    0.956359
    1.625000    0.437500    0.904483
    1.625000    0.583333    0.833405
    1.625000    0.729167    0.744635
    1.625000    0.875000    0.640055
    1.625000    1.020833    0.521888
    1.625000    1.166667    0.392641
    1.625000    1.312500    0.255059
    1.625000    1.458333    0.112061
    1.625000    1.604167   -0.033315
    1.625000    1.750000   -0.177984
    1.625000    1.895833   -0.318875
    1.625000    2.041667   -0.452996
    1.625000    2.187500   -0.577500
    1.625000    2.333333   -0.689744
    1.625000    2.479167   -0.787344
    1.625000    2.625000   -0.868230
    1.625000    2.770833   -0.930684
    1.625000    2.916667   -0.973379
    1.625000    3.062500   -0.995410
    1.625000    3.208333   -0.996308
    1.625000    3.354167   -0.976055
    1.625000    3.500000   -0.935081
    1.625000    3.645833   -0.874256
    1.625000    3.791667   -0.794870
    1.625000    3.937500   -0.698609
    1.625000    4.083333   -0.587517
    1.625000    4.229167   -0.463953
    1.625000    4.375000   -0.330538
    1.625000    4.520833   -0.190107
    1.625000    4.666667   -0.045639
    1.625000    4.812500    0.099797
    1.625000    4.958333    0.243115
    1.625000    5.104167    0.381271
    1.625000    5.250000    0.511333
    1.625000    5.395833    0.630540
    1.625000    5.541667    0.736361
    1.625000    5.687500    0.826548
    1.625000    5.833333    0.899189
    1.625000    5.979167    0.952740
    1.625000    6.125000    0.986064
    1.625000    6.270833    0.998455
    1.625000    6.416667    0.989649
    1.625000    6.562500    0.959833
    1.625000    6.708333    0.909640
    1.625000    6.854167    0.840135
    1.750000    0.000000    0.983986
    1.750000    0.145833    0.973541
    1.750000    0.291667    0.942428
    1.750000    0.437500    0.891308
    1.750000    0.583333    0.821265
    1.750000    0.729167    0.733788
    1.750000    0.875000    0.630732
    1.750000    1.020833    0.514286
    1.750000    1.166667    0.386922
    1.750000    1.312500    0.251343
    1.750000    1.458333    0.110429
    1.750000    1.604167   -0.032830
    1.750000    1.750000   -0.175392
    1.750000    1.895833   -0.314230
    1.750000    2.041667   -0.446397
    1.750000    2.187500   -0.569087
    1.750000    2.333333   -0.679696
    1.750000    2.479167   -0.775875
    1.750000    2.625000   -0.855583
    1.750000    2.770833   -0.917127
    1.750000    2.916667   -0.959200
    1.750000    3.062500   -0.980910
    1.750000    3.208333   -0.981795
    1.750000    3.354167   -0.961838
    1.750000    3.500000   -0.921460
    1.750000    3.645833   -0.861521
    1.750000    3.791667   -0.783291
    1.750000    3.937500   -0.688433
    1.750000    4.083333   -0.578959
    1.750000    4.229167   -0.457194
    1.750000    4.375000   -0.325723
    1.750000    4.520833   -0.187337
    1.750000    4.666667   -0.044974
    1.750000    4.812500    0.098343
    1.750000    4.958333    0.239573
    1.750000    5.104167    0.375717
    1.750000    5.250000    0.503885
    1.750000    5.395833    0.621355
    1.750000    5.541667    0.725634
    1.750000    5.687500    0.814508
    1.750000    5.833333    0.886091
    1.750000    5.979167    0.938862
    1.750000    6.125000    0.971701
    1.750000    6.270833    0.983911
    1.750000    6.416667    0.975233
    1.750000    6.562500    0.945851
    1.750000    6.708333    0.896389
    1.750000    6.854167    0.827897
    1.875000    0.000000    0.954086
    1.875000    0.145833    0.943958
    1.875000    0.291667    0.913791
    1.875000    0.437500    0.864224
    1.875000    0.583333    0.796310
    1.875000    0.729167    0.711490
    1.875000    0.875000    0.611566
    1.875000    1.020833    0.498658
    1.875000    1.166667    0.375164
    1.875000    1.312500    0.243706
    1.875000    1.458333    0.107073
    1.875000    1.604167   -0.031832
    1.875000    1.750000   -0.170062
    1.875000    1.895833   -0.304681
    1.875000    2.041667   -0.432833
    1.875000    2.187500   -0.551795
    1.875000    2.333333   -0.659043
    1.875000    2.479167   -0.752299
    1.875000    2.625000   -0.829584
    1.875000    2.770833   -0.889258
    1.875000    2.916667   -0.930053
    1.875000    3.062500   -0.951103
    1.875000    3.208333   -0.951962
    1.875000    3.354167   -0.932610
    1.875000    3.500000   -0.893460
    1.875000    3.645833   -0.835342
    1.875000    3.791667   -0.759489
    1.875000    3.937500   -0.667513
    1.875000    4.083333   -0.561366
    1.875000    4.229167   -0.443302
    1.875000    4.375000   -0.315826
    1.875000    4.520833   -0.181645
    1.875000    4.666667   -0.043608
    1.875000    4.812500    0.095355
    1.875000    4.958333    0.232294
    1.875000    5.104167    0.364300
    1.875000    5.250000    0.488573
    1.875000    5.395833    0.602474
    1.875000    5.541667    0.703585
    1.875000    5.687500    0.789758
    1.875000    5.833333    0.859165
    1.875000    5.979167    0.910333
    1.875000    6.125000    0.942174
    1.875000    6.270833    0.954013
    1.875000    6.416667    0.945599
    1.875000    6.562500    0.917110
    1.875000    6.708333    0.869151
    1.875000    6.854167    0.802740
    2.000000    0.000000    0.909297
    2.000000    0.145833    0.899645
    2.000000    0.291667    0.870894
    2.000000    0.437500    0.823654
    2.000000    0.583333    0.758928
    2.000000    0.729167    0.678090
    2.000000    0.875000    0.582857
    2.000000    1.020833    0.475249
    2.000000    1.166667    0.357553
    2.000000    1.312500    0.232265
    2.000000    1.458333    0.102047
    2.000000    1.604167   -0.030338
    2.000000    1.750000   -0.162079
    2.000000    1.895833   -0.290379
    2.000000    2.041667   -0.412514
    2.000000    2.187500   -0.525891
    2.000000    2.333333   -0.628105
    2.000000    2.479167   -0.716983
    2.000000    2.625000   -0.790641
    2.000000    2.770833   -0.847513
    2.000000    2.916667   -0.886393
    2.000000    3.062500   -0.906455
    2.000000    3.208333   -0.907273
    2.000000    3.354167   -0.888830
    2.000000    3.500000   -0.851518
    2.000000    3.645833   -0.796128
    2.000000    3.791667   -0.723836
    2.000000    3.937500   -0.636178
    2.000000    4.083333   -0.535014
    2.000000    4.229167   -0.422491
    2.000000    4.375000   -0.301000
    2.000000    4.520833   -0.173118
    2.000000    4.666667   -0.041561
    2.000000    4.812500    0.090879
    2.000000    4.958333    0.221389
    2.000000    5.104167    0.347199
    2.000000    5.250000    0.465638
    2.000000    5.395833    0.574192
    2.000000    5.541667    0.670556
    2.000000    5.687500    0.752684
    2.000000    5.833333    0.818833
    2.000000    5.979167    0.867598
    2.000000    6.125000    0.897945
    2.000000    6.270833    0.909228
    2.000000    6.416667    0.901209
    2.000000    6.562500    0.874057
    2.000000    6.708333    0.828350
    2.000000    6.854167    0.765056
    2.125000    0.000000    0.850320
    2.125000    0.145833    0.841294
    2.125000    0.291667    0.814407
    2.125000    0.437500    0.770231
    2.125000    0.583333    0.709703
    2.125000    0.729167    0.634109
    2.125000    0.875000    0.545052
    2.125000    1.020833    0.444424
    2.125000    1.166667    0.334362
    2.125000    1.312500    0.217200
    2.125000    1.458333    0.095428
    2.125000    1.604167   -0.028370
    2.125000    1.750000   -0.151566
    2.125000    1.895833   -0.271544
    2.125000    2.041667   -0.385758
    2.125000    2.187500   -0.491782
    2.125000    2.333333   -0.587365
    2.125000    2.479167   -0.670479
    2.125000    2.625000   -0.739359
    2.125000    2.770833   -0.792543
    2.125000    2.916667   -0.828901
    2.125000    3.062500   -0.847662
    2.125000    3.208333   -0.848427
    2.125000    3.354167   -0.831180
    2.125000    3.500000   -0.796288
    2.125000    3.645833   -0.744490
    2.125000    3.791667   -0.676888
    2.125000    3.937500   -0.594915
    2.125000    4.083333   -0.500312
    2.125000    4.229167   -0.395088
    2.125000    4.375000   -0.281477
    2.125000    4.520833   -0.161889
    2.125000    4.666667   -0.038865
    2.125000    4.812500    0.084984
    2.125000    4.958333    0.207029
    2.125000    5.104167    0.324679
    2.125000    5.250000    0.435436
    2.125000    5.395833    0.536949
    2.125000    5.541667    0.627063
    2.125000    5.687500    0.703864
    2.125000    5.833333    0.765723
    2.125000    5.979167    0.811325
    2.125000    6.125000    0.839703
    2.125000    6.270833    0.850255
    2.125000    6.416667    0.842756
    2.125000    6.562500    0.817365
    2.125000    6.708333    0.774622
    2.125000    6.854167    0.715434
    2.250000    0.000000    0.778073
    2.250000    0.145833    0.769814
    2.250000    0.291667    0.745212
    2.250000    0.437500    0.704789
    2.250000    0.583333    0.649404
    2.250000    0.729167    0.580232
    2.250000    0.875000    0.498742
    2.250000    1.020833    0.406664
    2.250000    1.166667    0.305953
    2.250000    1.312500    0.198746
    2.250000    1.458333    0.087320
    2.250000    1.604167   -0.025960
    2.250000    1.750000   -0.138688
    2.250000    1.895833   -0.248473
    2.250000    2.041667   -0.352982
    2.250000    2.187500   -0.449998
    2.250000    2.333333   -0.537460
    2.250000    2.479167   -0.613513
    2.250000    2.625000   -0.676540
    2.250000    2.770833   -0.725205
    2.250000    2.916667   -0.758474
    2.250000    3.062500   -0.775641
    2.250000    3.208333   -0.776341
    2.250000    3.354167   -0.760560
    2.250000    3.500000   -0.728632
    2.250000    3.645833   -0.681235
    2.250000    3.791667   -0.619377
    2.250000    3.937500   -0.544369
    2.250000    4.083333   -0.457804
    2.250000    4.229167   -0.361520
    2.250000    4.375000   -0.257561
    2.250000    4.520833   -0.148134
    2.250000    4.666667   -0.035563
    2.250000    4.812500    0.077764
    2.250000    4.958333    0.189439
    2.250000    5.104167    0.297093
    2.250000    5.250000    0.398440
    2.250000    5.395833    0.491328
    2.250000    5.541667    0.573785
    2.250000    5.687500    0.644061
    2.250000    5.833333    0.700664
    2.250000    5.979167    0.742392
    2.250000    6.125000    0.768359
    2.250000    6.270833    0.778014
    2.250000    6.416667    0.771152
    2.250000    6.562500    0.747919
    2.250000    6.708333    0.708807
    2.250000    6.854167    0.654648
    2.375000    0.000000    0.693685
    2.375000    0.145833    0.686322
    2.375000    0.291667    0.664388
    2.375000    0.437500    0.628349
    2.375000    0.583333    0.578971
    2.375000    0.729167    0.517302
    2.375000    0.875000    0.444650
    2.375000    1.020833    0.362558
    2.375000    1.166667    0.272770
    2.375000    1.312500    0.177191
    2.375000    1.458333    0.077850
    2.375000    1.604167   -0.023144
    2.375000    1.750000   -0.123647
    2.375000    1.895833   -0.221524
    2.375000    2.041667   -0.314699
    2.375000    2.187500   -0.401192
    2.375000    2.333333   -0.479169
    2.375000    2.479167   -0.546972
    2.375000    2.625000   -0.603164
    2.375000    2.770833   -0.646551
    2.375000    2.916667   -0.676212
    2.375000    3.062500   -0.691516
    2.375000    3.208333   -0.692141
    2.375000    3.354167   -0.678071
    2.375000    3.500000   -0.649606
    2.375000    3.645833   -0.607350
    2.375000    3.791667   -0.552200
    2.375000    3.937500   -0.485328
    2.375000    4.083333   -0.408151
    2.375000    4.229167   -0.322310
    2.375000    4.375000   -0.229627
    2.375000    4.520833   -0.132068
    2.375000    4.666667   -0.031706
    2.375000    4.812500    0.069330
    2.375000    4.958333    0.168893
    2.375000    5.104167    0.264871
    2.375000    5.250000    0.355226
    2.375000    5.395833    0.438040
    2.375000    5.541667    0.511554
    2.375000    5.687500    0.574208
    2.375000    5.833333    0.624671
    2.375000    5.979167    0.661873
    2.375000    6.125000    0.685024
    2.375000    6.270833    0.693632
    2.375000    6.416667    0.687514
    2.375000    6.562500    0.666801
    2.375000    6.708333    0.631932
    2.375000    6.854167    0.583646
    2.500000    0.000000    0.598472
    2.500000    0.145833    0.592119
    2.500000    0.291667    0.573196
    2.500000    0.437500    0.542104
    2.500000    0.583333    0.499504
    2.500000    0.729167    0.446299
    2.500000    0.875000    0.383619
    2.500000    1.020833    0.312795
    2.500000    1.166667    0.235330
    2.500000    1.312500    0.152870
    2.500000    1.458333    0.067164
    2.500000    1.604167   -0.019968
    2.500000    1.750000   -0.106675
    2.500000    1.895833   -0.191118
    2.500000    2.041667   -0.271504
    2.500000    2.187500   -0.346126
    2.500000    2.333333   -0.413400
    2.500000    2.479167   -0.471897
    2.500000    2.625000   -0.520376
    2.500000    2.770833   -0.557807
    2.500000    2.916667   -0.583397
    2.500000    3.062500   -0.596601
    2.500000    3.208333   -0.597140
    2.500000    3.354167   -0.585001
    2.500000    3.500000   -0.560443
    2.500000    3.645833   -0.523987
    2.500000    3.791667   -0.476407
    2.500000    3.937500   -0.418713
    2.500000    4.083333   -0.352130
    2.500000    4.229167   -0.278071
    2.500000    4.375000   -0.198109
    2.500000    4.520833   -0.113941
    2.500000    4.666667   -0.027354
    2.500000    4.812500    0.059814
    2.500000    4.958333    0.145711
    2.500000    5.104167    0.228516
    2.500000    5.250000    0.306469
    2.500000    5.395833    0.377916
    2.500000    5.541667    0.441340
    2.500000    5.687500    0.495394
    2.500000    5.833333    0.538931
    2.500000    5.979167    0.571027
    2.500000    6.125000    0.591000
    2.500000    6.270833    0.598426
    2.500000    6.416667    0.593148
    2.500000    6.562500    0.575278
    2.500000    6.708333    0.545195
    2.500000    6.854167    0.503537
    2.625000    0.000000    0.493920
    2.625000    0.145833    0.488677
    2.625000    0.291667    0.473060
    2.625000    0.437500    0.447400
    2.625000    0.583333    0.412241
    2.625000    0.729167    0.368331
    2.625000    0.875000    0.316601
    2.625000    1.020833    0.258150
    2.625000    1.166667    0.194219
    2.625000    1.312500    0.126164
    2.625000    1.458333    0.055431
    2.625000    1.604167   -0.016479
    2.625000    1.750000   -0.088039
    2.625000    1.895833   -0.157730
    2.625000    2.041667   -0.224073
    2.625000    2.187500   -0.285658
    2.625000    2.333333   -0.341179
    2.625000    2.479167   -0.389457
    2.625000    2.625000   -0.429467
    2.625000    2.770833   -0.460360
    2.625000    2.916667   -0.481479
    2.625000    3.062500   -0.492376
    2.625000    3.208333   -0.492821
    2.625000    3.354167   -0.482803
    2.625000    3.500000   -0.462535
    2.625000    3.645833   -0.432448
    2.625000    3.791667   -0.393180
    2.625000    3.937500   -0.345565
    2.625000    4.083333   -0.290614
    2.625000    4.229167   -0.229493
    2.625000    4.375000   -0.163500
    2.625000    4.520833   -0.094036
    2.625000    4.666667   -0.022575
    2.625000    4.812500    0.049364
    2.625000    4.958333    0.120256
    2.625000    5.104167    0.188595
    2.625000    5.250000    0.252929
    2.625000    5.395833    0.311895
    2.625000    5.541667    0.364238
    2.625000    5.687500    0.408850
    2.625000    5.833333    0.444781
    2.625000    5.979167    0.471270
    2.625000    6.125000    0.487754
    2.625000    6.270833    0.493883
    2.625000    6.416667    0.489527
    2.625000    6.562500    0.474778
    2.625000    6.708333    0.449950
    2.625000    6.854167    0.415570
    2.750000    0.000000    0.381661
    2.750000    0.145833    0.377610
    2.750000    0.291667    0.365542
    2.750000    0.437500    0.345714
    2.750000    0.583333    0.318546
    2.750000    0.729167    0.284616
    2.750000    0.875000    0.244643
    2.750000    1.020833    0.199477
    2.750000    1.166667    0.150076
    2.750000    1.312500    0.097489
    2.750000    1.458333    0.042832
    2.750000    1.604167   -0.012734
    2.750000    1.750000   -0.068030
    2.750000    1.895833   -0.121881
    2.750000    2.041667   -0.173145
    2.750000    2.187500   -0.220733
    2.750000    2.333333   -0.263635
    2.750000    2.479167   -0.300941
    2.750000    2.625000   -0.331857
    2.750000    2.770833   -0.355728
    2.750000    2.916667   -0.372047
    2.750000    3.062500   -0.380468
    2.750000    3.208333   -0.380811
    2.750000    3.354167   -0.373070
    2.750000    3.500000   -0.357409
    2.750000    3.645833   -0.334160
    2.750000    3.791667   -0.303817
    2.750000    3.937500   -0.267024
    2.750000    4.083333   -0.224562
    2.750000    4.229167   -0.177333
    2.750000    4.375000   -0.126339
    2.750000    4.520833   -0.072663
    2.750000    4.666667   -0.017444
    2.750000    4.812500    0.038145
    2.750000    4.958333    0.092924
    2.750000    5.104167    0.145730
    2.750000    5.250000    0.195443
    2.750000    5.395833    0.241007
    2.750000    5.541667    0.281453
    2.750000    5.687500    0.315925
    2.750000    5.833333    0.343690
    2.750000    5.979167    0.364158
    2.750000    6.125000    0.376896
    2.750000    6.270833    0.381632
    2.750000    6.416667    0.378266
    2.750000    6.562500    0.366870
    2.750000    6.708333    0.347685
    2.750000    6.854167    0.321118
    2.875000    0.000000    0.263446
    2.875000    0.145833    0.260650
    2.875000    0.291667    0.252320
    2.875000    0.437500    0.238633
    2.875000    0.583333    0.219880
    2.875000    0.729167    0.196460
    2.875000    0.875000    0.168868
    2.875000    1.020833    0.137692
    2.875000    1.166667    0.103592
    2.875000    1.312500    0.067293
    2.875000    1.458333    0.029566
    2.875000    1.604167   -0.008790
    2.875000    1.750000   -0.046958
    2.875000    1.895833   -0.084130
    2.875000    2.041667   -0.119515
    2.875000    2.187500   -0.152364
    2.875000    2.333333   -0.181977
    2.875000    2.479167   -0.207728
    2.875000    2.625000   -0.229068
    2.875000    2.770833   -0.245545
    2.875000    2.916667   -0.256810
    2.875000    3.062500   -0.262622
    2.875000    3.208333   -0.262859
    2.875000    3.354167   -0.257516
    2.875000    3.500000   -0.246706
    2.875000    3.645833   -0.230658
    2.875000    3.791667   -0.209713
    2.875000    3.937500   -0.184317
    2.875000    4.083333   -0.155007
    2.875000    4.229167   -0.122406
    2.875000    4.375000   -0.087207
    2.875000    4.520833   -0.050157
    2.875000    4.666667   -0.012041
    2.875000    4.812500    0.026330
    2.875000    4.958333    0.064142
    2.875000    5.104167    0.100592
    2.875000    5.250000    0.134907
    2.875000    5.395833    0.166358
    2.875000    5.541667    0.194277
    2.875000    5.687500    0.218071
    2.875000    5.833333    0.237236
    2.875000    5.979167    0.251365
    2.875000    6.125000    0.260157
    2.875000    6.270833    0.263426
    2.875000    6.416667    0.261103
    2.875000    6.562500    0.253236
    2.875000    6.708333    0.239993
    2.875000    6.854167    0.221656
    3.000000    0.000000    0.141120
    3.000000    0.145833    0.139622
    3.000000    0.291667    0.135160
    3.000000    0.437500    0.127828
    3.000000    0.583333    0.117783
    3.000000    0.729167    0.105237
    3.000000    0.875000    0.090457
    3.000000    1.020833    0.073757
    3.000000    1.166667    0.055491
    3.000000    1.312500    0.036047
    3.000000    1.458333    0.015837
    3.000000    1.604167   -0.004708
    3.000000    1.750000   -0.025154
    3.000000    1.895833   -0.045066
    3.000000    2.041667   -0.064021
    3.000000    2.187500   -0.081617
    3.000000    2.333333   -0.097480
    3.000000    2.479167   -0.111273
    3.000000    2.625000   -0.122705
    3.000000    2.770833   -0.131531
    3.000000    2.916667   -0.137565
    3.000000    3.062500   -0.140679
    3.000000    3.208333   -0.140806
    3.000000    3.354167   -0.137944
    3.000000    3.500000   -0.132153
    3.000000    3.645833   -0.123556
    3.000000    3.791667   -0.112337
    3.000000    3.937500   -0.098733
    3.000000    4.083333   -0.083032
    3.000000    4.229167   -0.065569
    3.000000    4.375000   -0.046714
    3.000000    4.520833   -0.026867
    3.000000    4.666667   -0.006450
    3.000000    4.812500    0.014104
    3.000000    4.958333    0.034359
    3.000000    5.104167    0.053884
    3.000000    5.250000    0.072266
    3.000000    5.395833    0.089113
    3.000000    5.541667    0.104068
    3.000000    5.687500    0.116814
    3.000000    5.833333    0.127080
    3.000000    5.979167    0.134648
    3.000000    6.125000    0.139358
    3.000000    6.270833    0.141109
    3.000000    6.416667    0.139865
    3.000000    6.562500    0.135651
    3.000000    6.708333    0.128557
    3.000000    6.854167    0.118734
    3.125000    0.000000    0.016592
    3.125000    0.145833    0.016416
    3.125000    0.291667    0.015891
    3.125000    0.437500    0.015029
    3.125000    0.583333    0.013848
    3.125000    0.729167    0.012373
    3.125000    0.875000    0.010635
    3.125000    1.020833    0.008672
    3.125000    1.166667    0.006524
    3.125000    1.312500    0.004238
    3.125000    1.458333    0.001862
    3.125000    1.604167   -0.000554
    3.125000    1.750000   -0.002957
    3.125000    1.895833   -0.005299
    3.125000    2.041667   -0.007527
    3.125000    2.187500   -0.009596
    3.125000    2.333333   -0.011461
    3.125000    2.479167   -0.013083
    3.125000    2.625000   -0.014427
    3.125000    2.770833   -0.015465
    3.125000    2.916667   -0.016174
    3.125000    3.062500   -0.016540
    3.125000    3.208333   -0.016555
    3.125000    3.354167   -0.016218
    3.125000    3.500000   -0.015538
    3.125000    3.645833   -0.014527
    3.125000    3.791667   -0.013208
    3.125000    3.937500   -0.011608
    3.125000    4.083333   -0.009762
    3.125000    4.229167   -0.007709
    3.125000    4.375000   -0.005492
    3.125000    4.520833   -0.003159
    3.125000    4.666667   -0.000758
    3.125000    4.812500    0.001658
    3.125000    4.958333    0.004040
    3.125000    5.104167    0.006335
    3.125000    5.250000    0.008496
    3.125000    5.395833    0.010477
    3.125000    5.541667    0.012236
    3.125000    5.687500    0.013734
    3.125000    5.833333    0.014941
    3.125000    5.979167    0.015831
    3.125000    6.125000    0.016385
    3.125000    6.270833    0.016591
    3.125000    6.416667    0.016444
    3.125000    6.562500    0.015949
    3.125000    6.708333    0.015115
    3.125000    6.854167    0.013960
    3.250000    0.000000   -0.108195
    3.250000    0.145833   -0.107047
    3.250000    0.291667   -0.103626
    3.250000    0.437500   -0.098005
    3.250000    0.583333   -0.090303
    3.250000    0.729167   -0.080684
    3.250000    0.875000   -0.069353
    3.250000    1.020833   -0.056549
    3.250000    1.166667   -0.042544
    3.250000    1.312500   -0.027637
    3.250000    1.458333   -0.012142
    3.250000    1.604167    0.003610
    3.250000    1.750000    0.019285
    3.250000    1.895833    0.034551
    3.250000    2.041667    0.049084
    3.250000    2.187500    0.062575
    3.250000    2.333333    0.074737
    3.250000    2.479167    0.085312
    3.250000    2.625000    0.094076
    3.250000    2.770833    0.100844
    3.250000    2.916667    0.105470
    3.250000    3.062500    0.107857
    3.250000    3.208333    0.107954
    3.250000    3.354167    0.105760
    3.250000    3.500000    0.101320
    3.250000    3.645833    0.094729
    3.250000    3.791667    0.086128
    3.250000    3.937500    0.075697
    3.250000    4.083333    0.063660
    3.250000    4.229167    0.050271
    3.250000    4.375000    0.035815
    3.250000    4.520833    0.020599
    3.250000    4.666667    0.004945
    3.250000    4.812500   -0.010813
    3.250000    4.958333   -0.026343
    3.250000    5.104167   -0.041312
    3.250000    5.250000   -0.055405
    3.250000    5.395833   -0.068322
    3.250000    5.541667   -0.079788
    3.250000    5.687500   -0.089560
    3.250000    5.833333   -0.097431
    3.250000    5.979167   -0.103233
    3.250000    6.125000   -0.106844
    3.250000    6.270833   -0.108187
    3.250000    6.416667   -0.107233
    3.250000    6.562500   -0.104002
    3.250000    6.708333   -0.098563
    3.250000    6.854167   -0.091032
    3.375000    0.000000   -0.231294
    3.375000    0.145833   -0.228839
    3.375000    0.291667   -0.221525
    3.375000    0.437500   -0.209509
    3.375000    0.583333   -0.193045
    3.375000    0.729167   -0.172483
    3.375000    0.875000   -0.148259
    3.375000    1.020833   -0.120887
    3.375000    1.166667   -0.090949
    3.375000    1.312500   -0.059080
    3.375000    1.458333   -0.025957
    3.375000    1.604167    0.007717
    3.375000    1.750000    0.041227
    3.375000    1.895833    0.073862
    3.375000    2.041667    0.104929
    3.375000    2.187500    0.133769
    3.375000    2.333333    0.159768
    3.375000    2.479167    0.182376
    3.375000    2.625000    0.201112
    3.375000    2.770833    0.215578
    3.375000    2.916667    0.225468
    3.375000    3.062500    0.230571
    3.375000    3.208333    0.230779
    3.375000    3.354167    0.226088
    3.375000    3.500000    0.216597
    3.375000    3.645833    0.202507
    3.375000    3.791667    0.184119
    3.375000    3.937500    0.161822
    3.375000    4.083333    0.136089
    3.375000    4.229167    0.107467
    3.375000    4.375000    0.076564
    3.375000    4.520833    0.044035
    3.375000    4.666667    0.010572
    3.375000    4.812500   -0.023116
    3.375000    4.958333   -0.056314
    3.375000    5.104167   -0.088315
    3.375000    5.250000   -0.118442
    3.375000    5.395833   -0.146055
    3.375000    5.541667   -0.170566
    3.375000    5.687500   -0.191457
    3.375000    5.833333   -0.208283
    3.375000    5.979167   -0.220687
    3.375000    6.125000   -0.228406
    3.375000    6.270833   -0.231276
    3.375000    6.416667   -0.229236
    3.375000    6.562500   -0.222330
    3.375000    6.708333   -0.210704
    3.375000    6.854167   -0.194604
    3.500000    0.000000   -0.350783
    3.500000    0.145833   -0.347060
    3.500000    0.291667   -0.335968
    3.500000    0.437500   -0.317744
    3.500000    0.583333   -0.292775
    3.500000    0.729167   -0.261590
    3.500000    0.875000   -0.224851
    3.500000    1.020833   -0.183339
    3.500000    1.166667   -0.137935
    3.500000    1.312500   -0.089602
    3.500000    1.458333   -0.039367
    3.500000    1.604167    0.011704
    3.500000    1.750000    0.062526
    3.500000    1.895833    0.112020
    3.500000    2.041667    0.159137
    3.500000    2.187500    0.202875
    3.500000    2.333333    0.242306
    3.500000    2.479167    0.276593
    3.500000    2.625000    0.305009
    3.500000    2.770833    0.326948
    3.500000    2.916667    0.341947
    3.500000    3.062500    0.349687
    3.500000    3.208333    0.350002
    3.500000    3.354167    0.342887
    3.500000    3.500000    0.328493
    3.500000    3.645833    0.307125
    3.500000    3.791667    0.279237
    3.500000    3.937500    0.245421
    3.500000    4.083333    0.206394
    3.500000    4.229167    0.162986
    3.500000    4.375000    0.116118
    3.500000    4.520833    0.066784
    3.500000    4.666667    0.016033
    3.500000    4.812500   -0.035059
    3.500000    4.958333   -0.085406
    3.500000    5.104167   -0.133940
    3.500000    5.250000   -0.179631
    3.500000    5.395833   -0.221508
    3.500000    5.541667   -0.258683
    3.500000    5.687500   -0.290366
    3.500000    5.833333   -0.315884
    3.500000    5.979167   -0.334697
    3.500000    6.125000   -0.346404
    3.500000    6.270833   -0.350756
    3.500000    6.416667   -0.347663
    3.500000    6.562500   -0.337188
    3.500000    6.708333   -0.319556
    3.500000    6.854167   -0.295139
    3.625000    0.000000   -0.464799
    3.625000    0.145833   -0.459865
    3.625000    0.291667   -0.445168
    3.625000    0.437500   -0.421021
    3.625000    0.583333   -0.387936
    3.625000    0.729167   -0.346614
    3.625000    0.875000   -0.297935
    3.625000    1.020833   -0.242930
    3.625000    1.166667   -0.182768
    3.625000    1.312500   -0.118725
    3.625000    1.458333   -0.052163
    3.625000    1.604167    0.015508
    3.625000    1.750000    0.082849
    3.625000    1.895833    0.148431
    3.625000    2.041667    0.210862
    3.625000    2.187500    0.268816
    3.625000    2.333333    0.321064
    3.625000    2.479167    0.366495
    3.625000    2.625000    0.404146
    3.625000    2.770833    0.433217
    3.625000    2.916667    0.453091
    3.625000    3.062500    0.463346
    3.625000    3.208333    0.463764
    3.625000    3.354167    0.454337
    3.625000    3.500000    0.435264
    3.625000    3.645833    0.406951
    3.625000    3.791667    0.369998
    3.625000    3.937500    0.325190
    3.625000    4.083333    0.273479
    3.625000    4.229167    0.215962
    3.625000    4.375000    0.153860
    3.625000    4.520833    0.088491
    3.625000    4.666667    0.021244
    3.625000    4.812500   -0.046454
    3.625000    4.958333   -0.113166
    3.625000    5.104167   -0.177475
    3.625000    5.250000   -0.238017
    3.625000    5.395833   -0.293505
    3.625000    5.541667   -0.342763
    3.625000    5.687500   -0.384744
    3.625000    5.833333   -0.418557
    3.625000    5.979167   -0.443484
    3.625000    6.125000   -0.458996
    3.625000    6.270833   -0.464763
    3.625000    6.416667   -0.460664
    3.625000    6.562500   -0.446785
    3.625000    6.708333   -0.423421
    3.625000    6.854167   -0.391068
    3.750000    0.000000   -0.571561
    3.750000    0.145833   -0.565494
    3.750000    0.291667   -0.547422
    3.750000    0.437500   -0.517728
    3.750000    0.583333   -0.477043
    3.750000    0.729167   -0.426230
    3.750000    0.875000   -0.366369
    3.750000    1.020833   -0.298730
    3.750000    1.166667   -0.224749
    3.750000    1.312500   -0.145996
    3.750000    1.458333   -0.064144
    3.750000    1.604167    0.019070
    3.750000    1.750000    0.101879
    3.750000    1.895833    0.182525
    3.750000    2.041667    0.259296
    3.750000    2.187500    0.330562
    3.750000    2.333333    0.394811
    3.750000    2.479167    0.450678
    3.750000    2.625000    0.496977
    3.750000    2.770833    0.532725
    3.750000    2.916667    0.557164
    3.750000    3.062500    0.569775
    3.750000    3.208333    0.570289
    3.750000    3.354167    0.558696
    3.750000    3.500000    0.535242
    3.750000    3.645833    0.500426
    3.750000    3.791667    0.454985
    3.750000    3.937500    0.399885
    3.750000    4.083333    0.336296
    3.750000    4.229167    0.265567
    3.750000    4.375000    0.189201
    3.750000    4.520833    0.108817
    3.750000    4.666667    0.026124
    3.750000    4.812500   -0.057124
    3.750000    4.958333   -0.139159
    3.750000    5.104167   -0.218240
    3.750000    5.250000   -0.292688
    3.750000    5.395833   -0.360922
    3.750000    5.541667   -0.421494
    3.750000    5.687500   -0.473118
    3.750000    5.833333   -0.514698
    3.750000    5.979167   -0.545350
    3.750000    6.125000   -0.564425
    3.750000    6.270833   -0.571518
    3.750000    6.416667   -0.566477
    3.750000    6.562500   -0.549410
    3.750000    6.708333   -0.520680
    3.750000    6.854167   -0.480895
    3.875000    0.000000   -0.669405
    3.875000    0.145833   -0.662299
    3.875000    0.291667   -0.641133
    3.875000    0.437500   -0.606356
    3.875000    0.583333   -0.558706
    3.875000    0.729167   -0.499195
    3.875000    0.875000   -0.429086
    3.875000    1.020833   -0.349868
    3.875000    1.166667   -0.263222
    3.875000    1.312500   -0.170989
    3.875000    1.458333   -0.075125
    3.875000    1.604167    0.022334
    3.875000    1.750000    0.119319
    3.875000    1.895833    0.213770
    3.875000    2.041667    0.303684
    3.875000    2.187500    0.387150
    3.875000    2.333333    0.462397
    3.875000    2.479167    0.527827
    3.875000    2.625000    0.582052
    3.875000    2.770833    0.623920
    3.875000    2.916667    0.652543
    3.875000    3.062500    0.667312
    3.875000    3.208333    0.667915
    3.875000    3.354167    0.654337
    3.875000    3.500000    0.626869
    3.875000    3.645833    0.586092
    3.875000    3.791667    0.532872
    3.875000    3.937500    0.468340
    3.875000    4.083333    0.393865
    3.875000    4.229167    0.311029
    3.875000    4.375000    0.221589
    3.875000    4.520833    0.127446
    3.875000    4.666667    0.030596
    3.875000    4.812500   -0.066903
    3.875000    4.958333   -0.162982
    3.875000    5.104167   -0.255600
    3.875000    5.250000   -0.342792
    3.875000    5.395833   -0.422707
    3.875000    5.541667   -0.493648
    3.875000    5.687500   -0.554109
    3.875000    5.833333   -0.602807
    3.875000    5.979167   -0.638707
    3.875000    6.125000   -0.661047
    3.875000    6.270833   -0.669354
    3.875000    6.416667   -0.663450
    3.875000    6.562500   -0.643462
    3.875000    6.708333   -0.609813
    3.875000    6.854167   -0.563218
